 ENTRY         INDREX          LNKREX           MALREX         MNRREX
 1958:01  2.5141803036225 2.5459962268016 0.5932785732071 2.3403072427822
 1958:02  2.4875458379012 2.5453516859120 0.5850843113377 2.4652008162003
 1958:03  2.5018946145150 2.5706251992788 0.5857636517462 2.4721694855164
 1958:04  2.4863363805938 2.5810345492698 0.5912254004075 2.4152387917119
 1958:05  2.4456108059226 2.5665202047166 0.5985470913719 2.3874702482851
 1958:06  2.4053229286609 2.5902207891852 0.6071237086302 2.4298896717047
 1958:07  2.4243586995135 2.6599084046790 0.6051068717487 2.3705662181174
 1958:08  2.4224561418436 2.6254818901374 0.6209785580373 2.3476261260527
 1958:09  2.4469416473235 2.5789575969065 0.6178189977469 2.3886243165033
 1958:10  2.4249145183192 2.5832775238933 0.6225546024927 2.4066428220059
 1958:11  2.4214113862346 2.6265876953742 0.6019272188313 2.4723538343048
 1958:12  2.4008169667402 2.5800792557736 0.6114697700683 2.5824657171301
 1959:01  2.3864655180840 2.5924137127683 0.5955374207325 2.5768718899297
 1959:02  2.3552064554881 2.6309554566822 0.6018696963392 2.5375110972110
 1959:03  2.3911550558284 2.6361944972635 0.6082799747002 2.5164576880131
 1959:04  2.4210178995907 2.6452088186077 0.6170436259535 2.5471692281345
 1959:05  2.4087655328447 2.6620033142835 0.5893067247377 2.5713738486238
 1959:06  2.4784440371847 2.5822076138780 0.6076710600106 2.6405048003356
 1959:07  2.4785097817423 2.5321662610259 0.6067695951605 2.6730768953837
 1959:08  2.4342809585285 2.5875434248466 0.6316510818506 2.6676807353448
 1959:09  2.4688371518367 2.6197103824714 0.6478574252137 2.8119647847781
 1959:10  2.4929915717335 2.5879746783024 0.6718009204549 2.7253582152620
 1959:11  2.5890527842431 2.5891374413764 0.6464990615611 2.7121225293132
 1959:12  2.6568619542488 2.6585002072693 0.6417028892976 2.5576579270222
 1960:01  2.6535314801034 2.6675015328024 0.6188258928741 2.6216495829753
 1960:02  2.6832418623345 2.6145599347126 0.6355699910289 2.6033141183299
 1960:03  2.7026052708155 2.6347141081304 0.6544419150750 2.5953982550051
 1960:04  2.7028938418450 2.7112708688587 0.6585241210051 2.5931766277076
 1960:05  2.6757242056297 2.7244765417241 0.6648432573565 2.5790203672994
 1960:06  2.6647850290861 2.7325636766598 0.6639460179097 2.5621575134080
 1960:07  2.6609511585754 2.7173170539917 0.6591954151511 2.5207986061232
 1960:08  2.6818578433947 2.7088176535416 0.6528259668656 2.5248749560901
 1960:09  2.6750656589031 2.6911697048289 0.6539527275482 2.4904359761412
 1960:10  2.6654753086092 2.6896646218265 0.6584471171360 2.4695283862031
 1960:11  2.6927288353036 2.6955310073777 0.6579688440688 2.4968921400049
 1960:12  2.6715266276530 2.7089495619189 0.6563675627018 2.4753859347839
 1961:01  2.6486181368561 2.6956259007204 0.6518282902684 2.5188509363175
 1961:02  2.6917903087214 2.7081627141572 0.6518282902684 2.5005429180323
 1961:03  2.6927288353036 2.7194622154007 0.6754157576725 2.5209462572541
 1961:04  2.6996975046197 2.6947994863450 0.6801564246659 2.4846025898888
 1961:05  2.6927288353036 2.6602818070058 0.6738071969872 2.4558020496729
 1961:06  2.6915422872833 2.6409791308225 0.6749263912842 2.4269174626313
 1961:07  2.6813277510229 2.6610200628799 0.6809817746451 2.4187271133324
 1961:08  2.6656670602380 2.6420328171251 0.6686764044405 2.4042920631133
 1961:09  2.6706758756128 2.6380001881894 0.6646652976639 2.3708011529241
 1961:10  2.6566896336380 2.8734838946834 0.6646652976639 2.3896621184597
 1961:11  2.6637072062967 2.8685333895235 0.6630640162970 2.4193336050595
 1961:12  2.6665005042023 2.8720714968890 0.6630640162970 2.3924060980497
 1962:01  2.6838286424672 2.9099902070509 0.6144733003215 2.4265199022328
 1962:02  2.6706766983543 2.9144518843959 0.6053666641524 2.4428128905734
 1962:03  2.6799115668216 2.9246550902923 0.6108045746611 2.5439708014598
 1962:04  2.6773277848411 2.9068305527186 0.6454250117570 2.5142802115549
 1962:05  2.6921161517330 3.0770122297287 0.6486665056812 2.5036692851981
 1962:06  2.6930987210341 3.0754769251314 0.6518975262626 2.4411876888248
 1962:07  2.6848478590902 3.0103446627264 0.6476325181722 2.4623531089846
 1962:08  2.7030559344595 3.0651003294150 0.6411178371510 2.4913406458579
 1962:09  2.7202799931590 3.1774956643509 0.6498780227450 2.5061840482353
 1962:10  2.7053527919006 3.0580955714572 0.6520329653170 2.4961593572123
 1962:11  2.6424808930138 3.0853498131152 0.6585054798227 2.5379287700886
 1962:12  2.6597150232312 3.0507863590716 0.6509346675680 2.4714712900951
 1963:01  2.6512542912081 3.0329967054205 0.6455182842958 2.3494967359977
 1963:02  2.5296701769337 2.9918730504951 0.6596025726370 2.4796415003551
 1963:03  2.5330011214673 2.9859290067940 0.6590842578031 2.4547619044725
 1963:04  2.5373800911978 2.9645378168127 0.6542259486521 2.4600112603586
 1963:05  2.5395252475442 2.9810671187639 0.6198764686374 2.4393374341468
 1963:06  2.5577666870699 2.9678811307486 0.6076660477028 2.5580375701929
 1963:07  2.6153887060422 2.9435490751545 0.6186502934446 2.5855334945757
 1963:08  2.6586386898360 2.9836033262678 0.6253696037163 2.7060476973041
 1963:09  2.6544292552458 3.0636460339413 0.6386509601513 2.7068323187645
 1963:10  2.6432851507941 3.0635657598965 0.6397361474525 2.6569431400816
 1963:11  2.6167812052216 3.1744831557737 0.6509725298628 2.8846340856552
 1963:12  2.6151034614430 3.1899946857614 0.6197529741203 2.7862734925085
 1964:01  2.6299772807091 3.2264507724397 0.6240644918355 2.8175731849572
 1964:02  2.5709322431299 3.2308207064436 0.6245955985960 2.7776400954179
 1964:03  2.5879378908134 3.2454870352148 0.6324006173341 2.7891918924190
 1964:04  2.5855145911819 3.1979796114211 0.6451444894618 2.7614507848032
 1964:05  2.5990283103486 3.2224672962373 0.6483651041618 2.9144311894822
 1964:06  2.7128329073839 3.1491943544610 0.6558378288193 2.9790002631191
 1964:07  2.6296662114403 3.1817410112314 0.6628231873371 3.0416737273866
 1964:08  2.6387560323380 3.2608004249170 0.6483755100433 3.0663013856802
 1964:09  2.6218560659056 3.2867404694799 0.6537443532816 3.1909632091025
 1964:10  2.5996173731989 3.2692516067701 0.6833448230579 2.9790444154141
 1964:11  2.6198860862328 3.2997916068408 0.6792165384856 2.9064948512538
 1964:12  2.5735373269901 3.2880231290219 0.6765047628346 3.0675284481354
 1965:01  2.5454768335413 3.4929108322079 0.6796248901709 3.6478431012182
 1965:02  2.5902259969337 3.4976609952153 0.6479766792201 3.6416078137365
 1965:03  2.6631385426845 3.4689193464309 0.6623050964647 3.6560412773910
 1965:04  2.6733252844359 3.2524645343702 0.6788540636850 3.6602609499750
 1965:05  2.7272790446991 3.2510977874546 0.7000000288363 3.6790881989053
 1965:06  2.7616689098739 3.2790049118739 0.6761209101430 3.8624551857623
 1965:07  2.7569511070315 3.2755793575079 0.6739763164813 3.8927809771314
 1965:08  2.6659075187376 3.1932897059384 0.6718643832781 3.9080649311938
 1965:09  2.5917743116916 3.2077521332129 0.6475447594443 3.7951363438404
 1965:10  2.6045934496261 3.2214348444652 0.6617700013524 3.6966440944029
 1965:11  2.7077019238505 3.2626005940305 0.6739256011414 3.8111993089666
 1965:12  2.7055744756525 3.2221930821975 0.6621900541362 3.9887023050143
 1966:01  2.7965462538582 3.2278645822429 0.6638042594907 3.7460286167476
 1966:02  2.8227311765728 3.1672941771306 0.6652234183706 3.8148457517974
 1966:03  2.8581866845520 3.2751399432833 0.6667214853350 3.9053982201371
 1966:04  2.8805035421598 3.3280751911079 0.6773390834957 3.9354396480958
 1966:05  2.8388500233138 3.2828167464661 0.6831997160673 3.8441848058286
 1966:06  2.8948769537687 3.3865039077540 0.6862940970821 3.8041009519285
 1966:07  2.8607789979922 3.3151331973186 0.6893789324333 3.8144772628611
 1966:08  2.8539707660149 3.4410027809212 0.6893527927808 3.9825010726859
 1966:09  2.8305605995378 3.3709821643131 0.7108829637155 3.9067962271242
 1966:10  2.7686046483008 3.4533769801055 0.7228324067476 4.0215590094168
 1966:11  2.6691921850128 3.4058360353365 0.6938640700586 3.9578223918187
 1966:12  2.6846749427535 3.3777880874442 0.6964775048529 3.7650287448158
 1967:01  2.7782010007644 3.4154587738429 0.6752703121008 3.9500502158997
 1967:02  2.7804990336272 3.3979190507780 0.6746827155647 3.9229305113461
 1967:03  2.8011784925751 3.4054010593177 0.6848593331173 3.7855398223619
 1967:04  2.7876639633177 3.4039447251239 0.6983356818496 3.5905027696214
 1967:05  2.7459526005407 3.3977762210751 0.7007171229903 3.6194746295176
 1967:06  2.7457185076191 3.3901436675713 0.6648908529793 3.6448792256581
 1967:07  2.6538802750275 3.4546231415336 0.6832736216255 3.7896939940410
 1967:08  2.5862611384356 3.3737151048377 0.6799139327953 3.8407067278278
 1967:09  2.6166907895595 3.3548248816498 0.6692334656980 4.0170993367849
 1967:10  2.6538141855001 3.2962026871312 0.6706094614510 3.7713647914494
 1967:11  2.5972714887286 3.3724316022327 0.6625843341476 3.7176582987639
 1967:12  2.6206502433388 3.4344260372277 0.6639376084554 3.6140664243320
 1968:01  2.6357359260465 3.3153105121266 0.6678668865953 3.3717027892066
 1968:02  2.6428492556083 3.2596730793088 0.6627456849388 3.2244807658805
 1968:03  2.6747468366392 3.2517006168945 0.6523333378165 3.2056688269999
 1968:04  2.6549145706057 3.2665185102407 0.6801973139159 3.2397054624333
 1968:05  2.6732448754634 3.2368273720089 0.6860617349868 3.3100692647256
 1968:06  2.6587398890730 3.2380840705640 0.6980953954270 3.4795396325879
 1968:07  2.6523087217067 3.2456819659765 0.6996500737663 3.5136061871515
 1968:08  2.5989130826697 3.2377833108061 0.7088341898782 3.5866669604662
 1968:09  2.5569077166657 3.2312679273375 0.7149447312605 3.5776910088151
 1968:10  2.5819317886773 3.2259463596633 0.7335407510897 3.5710631394204
 1968:11  2.6549895276111 3.2308473861957 0.7341076282032 3.5703536582358
 1968:12  2.6956890777740 3.1945536472554 0.7272380302851 3.5820161381906
 1969:01  2.7069359149899 3.1951709424329 0.7332951056095 3.6093501971041
 1969:02  2.7370775855424 3.1824521324147 0.7305433954449 3.6068474549119
 1969:03  2.7382773457343 3.1796130259202 0.7421636805018 3.6169383578939
 1969:04  2.7411728465727 3.2129010082185 0.7517714773953 3.6217084979433
 1969:05  2.7392731676943 3.1694729816491 0.7578528501124 3.6244323596874
 1969:06  2.7132630828020 3.1569651513932 0.7577818206588 3.6337032871673
 1969:07  2.7191315951140 3.1642387669159 0.7655708440206 3.6406406427315
 1969:08  2.7606998097901 3.1697767478242 0.7733288075978 3.6492107098351
 1969:09  2.8096581144628 3.2391058939319 0.7617933841779 3.6548793053121
 1969:10  2.8122986355462 3.2359333018460 0.7749535033248 3.6619268659240
 1969:11  2.7567639320008 3.2400964945146 0.7674939600637 3.6661228135973
 1969:12  2.7996847769182 3.2546842222521 0.7866586027227 3.6837449237621
 1970:01  2.8601296060685 3.2250058288788 0.7774959409465 3.6919723089431
 1970:02  2.8611469097012 3.2687851678185 0.7795466227842 3.6995931937154
 1970:03  2.9262761858492 3.2605427860446 0.7942793192799 3.7019443865986
 1970:04  2.9148653706805 3.2642298122435 0.7956236417888 3.7115351503925
 1970:05  2.9445466222121 3.2983894554310 0.8047051304852 3.7152729574619
 1970:06  2.9551275813580 3.2671942365851 0.8150151546623 3.7233397408133
 1970:07  2.9289257132972 3.3670602123736 0.8220210187645 3.7395218198199
 1970:08  2.9433917803274 3.3480903592967 0.8205230723197 3.7774531988214
 1970:09  2.8983861656105 3.4187828941068 0.8224219227259 3.7959346398726
 1970:10  2.8686284454265 3.5256589780358 0.8252362194889 3.8196839735911
 1970:11  2.9083773269692 3.5245984556318 0.8157876692921 3.8437490579633
 1970:12  2.9647269727934 3.5101043753449 0.8236537664783 3.8707843151777
 1971:01  2.9715797711992 3.6366548919512 0.7234467274967 3.8152651796504
 1971:02  2.9420036740224 3.6418906366486 0.7207001566454 3.8140037512300
 1971:03  2.9571826163922 3.6424813002901 0.7288438349131 3.8173482359528
 1971:04  2.9326811538186 3.7380193546399 0.7414969032816 3.7460542545827
 1971:05  3.0410027687198 3.6869277896073 0.7468142968248 3.7768706716027
 1971:06  3.0120646298672 3.6291626545826 0.7740616768135 3.7936984850692
 1971:07  2.9606869868130 3.5721981552539 0.7544537012787 3.8031494720864
 1971:08  2.9049383872559 3.5089256299646 0.7286068898531 3.8509443811513
 1971:09  2.8679971355955 3.5549684022520 0.7255794747425 3.8000079652602
 1971:10  2.8361565297398 3.5209720186176 0.6961052444986 3.8039500946989
 1971:11  2.8650731421122 3.5632137161328 0.6950550006630 3.7820095804047
 1971:12  3.0272911720603 3.6816940769988 0.7194706978501 3.8691382110972
 1972:01  2.8217917683309 3.5639219566048 0.7333951086963 3.7873252087292
 1972:02  2.8017564789528 3.5395243330329 0.6356447823305 3.7459367449549
 1972:03  2.7925462002344 3.5348689253739 0.6254710319330 3.7394537400769
 1972:04  2.8200350839299 3.5297295988790 0.6235755014863 3.7628604488803
 1972:05  2.8068335500585 3.5234150322433 0.6271399177979 3.7265424642930
 1972:06  2.7771953244472 3.5498831552358 0.6215746327650 3.6590692104892
 1972:07  2.7031585499988 3.4955844106622 0.5481592952160 3.5970946849348
 1972:08  2.6319844177858 3.4629098397206 0.5728592524658 3.5763575655610
 1972:09  2.6401902288308 3.4709445213976 0.5576389094310 3.5403690877704
 1972:10  2.6425364099465 3.3984716667949 0.5413288593137 3.6080721685109
 1972:11  2.6764019420162 3.4039155900370 0.5979385150983 3.5815782634605
 1972:12  2.6843683592952 3.4255534341852 0.5896830138435 3.5565251357315
 1973:01  2.6875056167703 3.3922884713397 0.7279795516977 3.5469078436009
 1973:02  2.6156014069456 3.3053147976711 0.6324884774453 3.6541029330849
 1973:03  2.5362022371222 3.2962587010895 0.6277488715662 3.6742730374763
 1973:04  2.5263366645040 3.3014114340585 0.6193469170448 3.6537838796483
 1973:05  2.4944060479751 3.2250843374177 0.5973217067241 3.6302981534505
 1973:06  2.4801178766499 3.1249256209350 0.5833536405310 3.5968941440251
 1973:07  2.4052405592155 3.0894168954466 0.4983519706752 3.5270192749838
 1973:08  2.4308760822670 3.1179861259312 0.5292530791424 3.4538287900376
 1973:09  2.4176823895513 3.1064525178744 0.4949225650775 3.3436290477509
 1973:10  2.4294103927506 3.1201241413569 0.4737917297559 3.3581933206655
 1973:11  2.4232259231331 3.1314769176719 0.5143090437710 3.3287136216763
 1973:12  2.4885748796712 3.1284351475049 0.5073016676010 3.2851211690112
 1974:01  2.5284009170686 3.0849107259128 0.5326489784152 3.3537404604536
 1974:02  2.4743186839748 3.0782598372369 0.4855318539543 3.3535557157471
 1974:03  2.3469812922898 3.0797822311825 0.4662398991541 3.4756052993292
 1974:04  2.3413933944060 3.0773240237734 0.4725822689080 3.3782864405216
 1974:05  2.2894138477702 3.0787479699828 0.4641021965212 3.2748729338135
 1974:06  2.3275195429388 3.0780811054967 0.4952782417280 3.2765028420747
 1974:07  2.4010332063345 3.0900987566264 0.4912003735947 3.3236203816315
 1974:08  2.3830176790122 3.0743800134338 0.5012340724376 3.2757518911595
 1974:09  2.3459016666013 3.0739567540909 0.4996443669723 3.3631959249136
 1974:10  2.2774670609103 3.0772250796887 0.4928610265369 3.3552107059191
 1974:11  2.2711635094158 3.1180706035158 0.4351980813604 3.3667064475909
 1974:12  2.2647517671391 3.2146940577499 0.4810090984368 3.2529031594279
 1975:01  2.2459892945627 3.1766808716605 0.4323394460065 3.2383826637424
 1975:02  2.2895643191991 3.1603701259366 0.4244199184820 3.3025837256327
 1975:03  2.2951156149819 3.5004494848241 0.4534100241980 3.3375613103371
 1975:04  2.3503872366296 3.5192104650987 0.4749754360529 3.5509991494386
 1975:05  2.4738663785335 3.3917181788909 0.4530620354508 3.4458401672990
 1975:06  2.5797667933318 3.4105737516806 0.4788112213972 3.4408168200682
 1975:07  2.5160454071260 3.4333436824773 0.5810718299827 3.4580009193226
 1975:08  2.4453690201545 3.4383939185879 0.5829737314339 3.4417099949957
 1975:09  2.3708112035291 3.4449793840759 0.6140044085383 3.4343813801524
 1975:10  2.4299596305593 3.4423493440751 0.6119056990886 3.4173505782922
 1975:11  2.4764277493173 3.4520626089864 0.6308560291015 3.4018074191936
 1975:12  2.5100309657247 3.4727109806674 0.6214220841809 3.4009708528419
 1976:01  2.5689234977730 3.7193860734372 0.6197222568691 3.4071234576087
 1976:02  2.5781078645128 3.7122553478381 0.6172807947075 3.4031303053546
 1976:03  2.6639369810989 3.6864178302361 0.6062907502431 3.3041759431679
 1976:04  2.6480013865309 3.6870001351110 0.6216463707323 3.3593318941745
 1976:05  2.6352693161352 3.6605222981932 0.6225192997040 3.3214411714059
 1976:06  2.6363902618423 3.6627006216997 0.6194561022631 3.3177025810620
 1976:07  2.6476190995829 3.6351277306980 0.6016946379960 3.3046093071266
 1976:08  2.6576278780554 3.6205227629499 0.6046940901676 3.3189768027150
 1976:09  2.6521909586364 3.5852421959692 0.6100609825282 3.3059948017026
 1976:10  2.6641416429017 3.5734391932355 0.6174196619041 3.3213104766140
 1976:11  2.6041532129318 3.5412623424111 0.6074013390760 3.3759838756400
 1976:12  2.5922836708893 3.5219363027475 0.5924217396606 3.3539743792639
 1977:01  2.6281028056785 3.4606441839372 0.6034251501945 3.3938253609285
 1977:02  2.5844493766803 3.4504715780182 0.6017595751693 3.4368772522790
 1977:03  2.6239969406291 3.4167073934804 0.6055711280421 3.5951633780508
 1977:04  2.5633930048299 3.3268799935421 0.6126197680574 3.5898397162055
 1977:05  2.5788487345278 3.4949570451653 0.6133296286964 3.7344827273548
 1977:06  2.5747389847920 3.5317025003687 0.6102785988144 3.7329798606714
 1977:07  2.5520631410647 3.5389341416552 0.6042023061754 3.9283091325950
 1977:08  2.5400933443095 3.5341120405784 0.6090298023484 3.9407515532770
 1977:09  2.5328142603786 3.5356132421526 0.5944208111514 3.9509899312595
 1977:10  2.5270585235134 3.5139976009151 0.5889712063839 3.9520836482468
 1977:11  2.5370926833230 3.6139682635602 0.5626800430648 3.9607872417561
 1977:12  2.5304984068039 3.6305424900847 0.5602276937062 3.9608021772361
 1978:01  2.5512343802371 3.6241950138909 0.5619105615651 3.8376902227304
 1978:02  2.5374501655447 3.7541908233391 0.5478392877925 3.8720756283186
 1978:03  2.5518114103860 3.7558257990762 0.5583244783635 3.8970094817571
 1978:04  2.5515856668496 3.8059289912259 0.5967172189413 3.9042442670370
 1978:05  2.5908049280620 3.8243247838059 0.6014538506786 3.8961928056213
 1978:06  2.6187734994772 3.8200093328464 0.5923450945552 3.8803083490873
 1978:07  2.6366662939241 3.8197648437439 0.5841948685824 3.8904953789809
 1978:08  2.6502553572387 3.8247274971680 0.5734769329784 3.9347726965210
 1978:09  2.6315491141595 3.8319224421488 0.5608743985378 4.0365330780353
 1978:10  2.5675100618881 3.8065693431629 0.5078437384154 4.0624331527236
 1978:11  2.5886366042128 3.7925562782887 0.5435592100535 4.0745005792321
 1978:12  2.6074968176456 3.8113023778614 0.5299862539814 4.0566166522646
 1979:01  2.6459584367222 3.8041933840972 0.5403121520736 4.0215971496201
 1979:02  2.6358841086635 3.8481273187509 0.5444275344286 4.0694024171296
 1979:03  2.6518799808148 3.8934362983348 0.5510621797886 4.0798615515517
 1979:04  2.6841934108600 3.9551089104593 0.5745954426285 4.1288118629225
 1979:05  2.6486026131810 3.9525300831152 0.5839170126793 4.1271748912074
 1979:06  2.6947272009428 3.9885892241868 0.5682517337309 4.1050083348848
 1979:07  2.6955686075283 3.9324741819425 0.5604845348894 4.1111621992272
 1979:08  2.6319362026050 3.8958232921763 0.5710278307965 4.1402988948915
 1979:09  2.7032092162691 3.8418229638395 0.5694950887551 4.1155383496860
 1979:10  2.6065221525110 3.8511437486040 0.6042874973726 4.1330053961367
 1979:11  2.5914966451352 3.8278756020679 0.6032332958250 4.1366444115452
 1979:12  2.5638570421012 3.8086766802177 0.5888497209986 4.1307447951477
 1980:01  2.5584154209446 3.7447770960139 0.5900201239308 4.1344766146450
 1980:02  2.5826082358264 3.7239175671130 0.6191930427270 4.2080238354166
 1980:03  2.5982253486092 3.7499534600210 0.6633958905631 4.2371388588820
 1980:04  2.5861106101078 3.7481491679286 0.6773934806269 4.1966260205970
 1980:05  2.5669239624753 3.7507404682211 0.6305819757763 4.1736891421968
 1980:06  2.5668037069031 3.7657697885199 0.6239223366288 4.1803158804944
 1980:07  2.5242230204073 3.7178533006657 0.6184026565436 4.1882121808056
 1980:08  2.5288035718448 3.6958457058604 0.6120133968496 4.2235180353945
 1980:09  2.5258067301649 3.6837889257649 0.6239069716165 4.2567857487426
 1980:10  2.4824259801364 3.6699463673691 0.6225056414041 4.2872242337830
 1980:11  2.4734599323057 3.6580078535157 0.6413034189036 4.3112920484183
 1980:12  2.5075616384154 3.5436046660835 0.6600679507834 4.3194692313968
 1981:01  2.5319015327150 3.5582937981954 0.6600811167251 4.3438060068541
 1981:02  2.5477395265032 3.5439351529171 0.6764564774095 4.3746308849449
 1981:03  2.5898021676659 3.4911322114758 0.6847005750500 4.3144200785932
 1981:04  2.5967499261558 3.6680559798202 0.7032455127235 4.3928028679282
 1981:05  2.6331518481566 3.5931132850706 0.7081366056811 4.4083132031358
 1981:06  2.6929044406235 3.6215291115634 0.7091221793234 4.2716207448416
 1981:07  2.7056521184182 3.6770580927002 0.7190081516480 4.3622663073680
 1981:08  2.7018319603675 3.7243629820866 0.7216937951181 4.3870550891998
 1981:09  2.7359388110231 3.7605592332896 0.7177996519433 4.4166176288620
 1981:10  2.6960048648633 3.7186668846874 0.7014745126243 4.4061847702254
 1981:11  2.7638966433537 3.6284390399884 0.6798957037904 4.3483959955677
 1981:12  2.6428644158987 3.5987764331045 0.6778516827081 4.3510273773715
 1982:01  2.7544165387517 3.6021484877382 0.6793315861148 4.3985476737671
 1982:02  2.8047015994417 3.6479607508437 0.6939668086019 4.4197469559398
 1982:03  2.8803208053948 3.6150872117212 0.7034158675731 4.4055030608548
 1982:04  2.8886013783320 3.6055153274595 0.6978664930160 4.2689394854121
 1982:05  2.8997694324199 3.6216166444551 0.6886957496212 4.1278244148257
 1982:06  2.8988863823381 3.6759613480264 0.7273661019869 4.0233449899101
 1982:07  2.8636982345772 3.7661977600617 0.7215350580696 4.0985271775417
 1982:08  2.8402947951346 3.7877561943357 0.7320609678312 4.0978866686465
 1982:09  2.7821622695326 3.7949753779980 0.7325927634715 4.1486432062375
 1982:10  2.8096495300322 3.9167343685070 0.7418773429293 4.2705111919485
 1982:11  2.7288039042982 3.8472845296860 0.7188787705205 4.2259412590443
 1982:12  2.7008068868665 3.7100498436525 0.7016375094837 4.2135697808757
 1983:01  2.6976600804603 3.7022271967785 0.6755170476008 4.2156770303937
 1983:02  2.6882211737023 3.7266245027186 0.6760847953686 4.2544308954661
 1983:03  2.6886676367902 3.7284432723997 0.6918542852920 4.1523595496081
 1983:04  2.7020311163410 3.7557705470820 0.6946665952848 4.1782164141009
 1983:05  2.7525191960677 3.7700118346062 0.6899908889185 4.2104676404979
 1983:06  2.7114875710400 3.7487818121179 0.7040245364956 4.2382278687560
 1983:07  2.7178849482199 3.7891093323472 0.7143085085499 4.2270972851785
 1983:08  2.7109477537693 3.7872340738175 0.7196150457249 4.2173376307479
 1983:09  2.7997314711512 3.8824249401691 0.7463002450687 4.3381577118433
 1983:10  2.7870021867172 3.8610463344620 0.7162035380756 4.3087805205811
 1983:11  2.7909433716383 3.7864000097521 0.7178545207851 4.2548616521358
 1983:12  2.8269106597166 3.7706508940925 0.7124241652459 4.3488898766758
 1984:01  2.8286326354278 3.6965524843402 0.6948664937728 4.3304423661424
 1984:02  2.8024245540122 3.6637375477172 0.6820455569304 4.3788548599102
 1984:03  2.8177997733389 3.7103417722862 0.6779508211580 4.3691554609939
 1984:04  2.8516578458551 3.7117125754578 0.6849939007096 4.3687694798322
 1984:05  2.9136806865353 3.7315602559796 0.6955003711723 4.3462976753893
 1984:06  2.8815040794765 3.7670612206380 0.7030437617367 4.3482995047470
 1984:07  2.8152768861678 3.7793537984661 0.7104549038591 4.3552955960451
 1984:08  2.9359677883977 3.7917638852203 0.7124311144060 4.3607355552574
 1984:09  2.9055230116514 3.7447501821517 0.7321368190037 4.3667028007533
 1984:10  2.8613883516136 3.7510086197295 0.7566495852950 4.3694665090094
 1984:11  2.9258731819968 3.7466063260688 0.7651640888963 4.3395832330143
 1984:12  2.8902150657022 3.7616001832802 0.7843277416764 4.4534183257203
 1985:01  2.9294707894863 3.7855091014846 0.8102288310162 4.4752497659477
 1985:02  2.9387590231446 3.7636227931628 0.8383230127792 4.5677281212127
 1985:03  2.8967830591270 3.7900857571055 0.7881395761313 4.4754457104109
 1985:04  2.9868767598722 3.8060603776752 0.8104666620299 4.4637725881980
 1985:05  2.9677366082903 3.8495300268574 0.8091193670920 4.4152293947163
 1985:06  2.9150037833121 3.8966424984595 0.7968702333561 4.3937593604022
 1985:07  2.8676039657227 3.8272155844703 0.7249137838445 4.3023276179319
 1985:08  2.8727219440359 3.8924240134376 0.7826684260262 4.3088924598212
 1985:09  2.7840148388772 3.8637071698975 0.6800830485224 4.2565679603211
 1985:10  2.7659742388731 3.7828312244241 0.7569470836995 4.2397772116482
 1985:11  2.7539623561015 3.7890338211700 0.7474726601094 4.1976630806288
 1985:12  2.8159059393668 3.9476988989499 0.7981665911560 4.2096727872430
 1986:01  2.8306934661099 3.8833255169950 0.7761590664367 4.2072594220709
 1986:02  2.7746278359224 3.8311329190781 0.7889274480415 4.2809900904961
 1986:03  2.8027540777229 3.8551342636353 0.8199873713250 4.2305793650950
 1986:04  2.7251220431384 3.8199259791242 0.8141998378507 4.2876896243735
 1986:05  2.7936519935471 3.7902215987119 0.9001687730344 4.3184870235504
 1986:06  2.7446817951079 3.7250545068621 0.8961458460142 4.2469947979722
 1986:07  2.7478139514304 3.7583856279264 0.8755122146696 4.1794901080715
 1986:08  2.7220557632240 3.7178941661125 0.8437418015882 4.1335801974446
 1986:09  2.7925717278733 3.7505392427243 0.8913251395119 4.1384972894031
 1986:10  2.7835470244262 3.7317120009022 0.9122895560173 4.1306303943260
 1986:11  2.7537614371683 3.6937980640185 0.8534431556875 4.0605073672588
 1986:12  2.7599542744951 3.7189815401551 0.8665035353492 4.0361942773303
 1987:01  2.7553192806676 3.7479115623392 0.8582167644897 4.1194001132733
 1987:02  2.7519821464017 3.7933048600375 0.8543297600585 4.1332561870221
 1987:03  2.8722331678013 3.8206547852815 0.8404855160211 4.1540559466514
 1987:04  2.8336200993590 3.8200169152075 0.8334781139525 4.1138511125361
 1987:05  2.8656148875615 3.7970463230778 0.8221115574034 4.0655146505808
 1987:06  2.9053121299935 3.8679147977817 0.8911745542709 4.0757863216458
 1987:07  2.8483176302486 3.7967630707368 0.8981137230381 4.1300139106932
 1987:08  2.8180541738685 3.7715006233073 0.8766967692653 4.0682374882142
 1987:09  2.8147287528158 3.8113517613205 0.8833978297837 4.1456657671791
 1987:10  2.7572009473323 3.7837972478645 0.8896399874116 4.1466898206146
 1987:11  2.7453831108347 3.7753243998629 0.8681279467494 4.1287119678123
 1987:12  2.7422784327684 3.7140843817043 0.8938461435805 4.1513563386759
 1988:01  2.8011353734818 3.6613274245425 0.9223328053662 4.1663662049716
 1988:02  2.8770035552359 3.6999475825925 0.9297037252617 4.1646659625883
 1988:03  2.8887886529964 3.7272579251754 0.9417337721446 4.1997360007468
 1988:04  2.8980992176042 3.7167252036188 0.9091377824574 4.2365016617072
 1988:05  2.9621605852453 3.7111015348542 0.9229584319519 4.1647571904047
 1988:06  2.9659227772392 3.7232849716057 0.9439295243312 4.0808887660402
 1988:07  2.9529127243354 3.7703402041376 0.9452631500602 4.0398149769779
 1988:08  2.9352446522424 3.7657266436177 0.9463449339555 4.0167826621804
 1988:09  2.9202722069579 3.8400151401089 0.9384577166847 4.0294089252074
 1988:10  2.8773246627279 3.8867364108482 0.9315427065027 4.0893133275648
 1988:11  2.8725438155608 3.9408599394277 0.9397727134241 4.0926692900561
 1988:12  2.8572254282848 4.0245076752540 0.9739813643091 4.1166440697169
 1989:01  2.8645932265681 3.9857098569955 0.9850903271871 4.1595074722765
 1989:02  2.8443481838816 3.9718195092891 0.9735205068042 4.0724791831090
 1989:03  2.9061425190291 4.0370633461308 0.9864918318367 4.0601949537312
 1989:04  2.9186344221459 4.0672658114564 0.9707151192699 3.9163669548616
 1989:05  2.9937577058155 4.0485481292205 0.9876310681307 3.7895341780392
 1989:06  3.0084199673580 4.0148419817029 0.9680764050234 3.6749857046898



 ENTRY        PAKREX          PHLREX         TAWREX           THIREX
 1958:01  2.7059721720707 2.9106453271920       NA        3.1564132980463
 1958:02  2.6650080485234 2.8884868355158       NA        3.1271578236387
 1958:03  2.7088576663908 2.8908051347564       NA        3.1306465965769
 1958:04  2.6994876078215 2.8558885337704       NA        3.1513573154436
 1958:05  2.7034427876645 2.8432086603399       NA        3.1421618483505
 1958:06  2.6830475252012 2.8443627285580       NA        3.1316636987831
 1958:07  2.6807387163739 2.8453391151455       NA        3.0427393287922
 1958:08  2.7128798612274 2.9450393949034       NA        3.0535433652374
 1958:09  2.7243218723355 2.8923884790836       NA        3.1362508627900
 1958:10  2.7567388622455 2.8770990166066       NA        3.1097424149251
 1958:11  2.7677478333514 2.9074083387778       NA        3.1754929349577
 1958:12  2.7454352976360 2.9956880489214       NA        3.1552155806211
 1959:01  2.7109970904131 2.9983301407223 4.3775967793370 3.1793632450691
 1959:02  2.6562019985833 3.0013849107172 4.3357683251001 3.1682134681904
 1959:03  2.6001468878340 3.0479903368207 4.3186633027830 3.1247432559385
 1959:04  2.5854262765575 3.1192190398794 4.3009179649719 3.1224827679773
 1959:05  2.5855957110076 3.1444680020635 4.2966747586988 3.1362640595283
 1959:06  2.6729687477089 3.1725909300479 4.2720887791541 3.1635109623035
 1959:07  2.6799108455149 3.2337133716085 4.2309238031041 3.1911600628401
 1959:08  2.6348740260016 3.1790372864692 4.1824934424425 3.1808631701516
 1959:09  2.6697246686886 3.0307482465299 4.1566302430751 3.2149381895401
 1959:10  2.6869329059211 3.0184970448855 4.1465299527596 3.2333247625402
 1959:11  2.6213329850207 3.0184970448855 4.1325173680130 3.2463132556552
 1959:12  2.6289375844059 3.0011812392633 4.1315422482718 3.2310494487030
 1960:01  2.5830348625197 2.9906917880163 4.1551407538893 3.1934405714690
 1960:02  2.5840119136215 2.9782231457476 4.1469355145774 3.2138076422685
 1960:03  2.5693567865217 2.8621509744948 4.1040449797185 3.2279046950708
 1960:04  2.5906310783855 2.7633511966359 4.0750135844553 3.2843427579799
 1960:05  2.6015336496057 3.0398288991656 4.1155174888106 3.2245375592274
 1960:06  2.6049881107034 3.0103561091170 4.0285600318912 3.2709901749394
 1960:07  2.6055493975571 2.9582374324679 3.9873979299621 3.2109395247392
 1960:08  2.6504582675086 2.9172931212696 3.9452917862213 3.1588819725583
 1960:09  2.6375002883095 2.8955446925602 3.9101843761849 3.1741531981268
 1960:10  2.6267036342878 2.8996436493911 3.9424063418091 3.1449312026509
 1960:11  2.6501822934169 2.8754805160268 3.9096707079900 3.2170174366980
 1960:12  2.6349415503532 2.8610298901942 3.9746713551875 3.1820589877577
 1961:01  2.6134353451322 2.8851646078046 3.9793652399817 3.1866252057373
 1961:02  2.6629154023956 2.8910817848327 3.9212059610816 3.1738956771185
 1961:03  2.6595587969602 2.9086260944836 3.8785959650219 3.1701838824639
 1961:04  2.6623022829060 2.9878013381955 3.8832497289899 3.1326758274347
 1961:05  2.6615351399266 2.9741956861397 3.8910890359431 3.1124977641263
 1961:06  2.6890476046266 2.9957900151392 3.9334887650817 3.1519968284905
 1961:07  2.7594529638572 2.9926540985152 3.9563968521593 3.1738173701916
 1961:08  2.7657678330953 3.0288519748531 3.9306699360520 3.1447738992420
 1961:09  2.7565597100917 3.0272027416722 3.9116122503481 3.1027643418608
 1961:10  2.7557997324143 3.0656504913310 3.8855345715992 3.1230955508013
 1961:11  2.7679950055081 3.1225129214765 3.8852362429900 3.0992785929943
 1961:12  2.6540787695304 3.1494203743964 3.9409483097397 3.0769335090381
 1962:01  2.6446952712534 2.9978704762692 3.9459763992150 3.1051200555532
 1962:02  2.6852012306467 2.8784745679656 3.9410717738714 3.1184131230592
 1962:03  2.7477530185932 2.9536807191478 3.9482624392438 3.1308160663623
 1962:04  2.7758992770564 3.0067018269705 3.9844993860994 3.1324560620946
 1962:05  2.7642222308259 3.0000459927272 4.0396903205708 3.1126697255000
 1962:06  2.7593712175040 3.0051480446111 4.1114425971081 3.1160728027936
 1962:07  2.7983342282627 2.9971252827755 3.9627496100695 3.1184782440888
 1962:08  2.8282093469219 2.9827458593891 3.9843059309771 3.0903073671221
 1962:09  2.8421557657742 2.9769237800901 3.9714676226478 3.0981331968409
 1962:10  2.8253849217713 2.9795478254210 3.8932395718872 3.1040102069293
 1962:11  2.7998881771652 2.9820572370264 3.9275458581697 3.1252069809933
 1962:12  2.8033380360358 2.9759338030747 3.9608641072674 3.1100569297885
 1963:01  2.7724530927123 2.9858427305059 3.9552415951308 3.1135109412301
 1963:02  2.6682029394199 2.9768131545023 3.9650703662317 3.1288723293648
 1963:03  2.6701483285934 2.9753612729442 3.8948456388089 3.0851773339059
 1963:04  2.6665884652038 2.9804503424516 3.8395889038292 3.0967688453685
 1963:05  2.6592891627222 2.9741745683727 3.8579526721121 3.0921184503826
 1963:06  2.6653868721068 2.9586195617191 3.8514963126421 3.0988513182297
 1963:07  2.7016426748018 2.9492993125191 3.9118247083339 3.1506934688107
 1963:08  2.7360825406407 2.9518470845979 3.8618241789910 3.1363477085865
 1963:09  2.7726092762416 2.9265292766136 3.8256743589324 3.1243170862745
 1963:10  2.8005145760272 2.9029218513245 3.8269122980638 3.1230685502295
 1963:11  2.6916981582094 2.9147104703386 3.8855993553133 3.1052840768714
 1963:12  2.6993756920276 2.9036225932015 3.8929029843890 3.1638843069233
 1964:01  2.7226860021151 2.8995879896685 3.9042119391635 3.1723305027084
 1964:02  2.7285663226970 2.8985074925348 3.9211963668380 3.1497171466585
 1964:03  2.7445980823913 2.8995879896685 3.9026042456677 3.1645278366042
 1964:04  2.7557274529559 2.9006673205882 3.9252126656708 3.1751766185400
 1964:05  2.7836004731353 2.9006673205882 3.9266883019055 3.1701423226892
 1964:06  2.6574537473028 2.8947252836036 3.9730242316743 3.1445534040054
 1964:07  2.7116857837885 2.8573449833102 3.9910158005650 3.1485455636153
 1964:08  2.7248532992292 2.8511090669482 3.9490973653130 3.0908766466356
 1964:09  2.7261788210160 2.8713157618275 3.9896338611808 3.1147102260633
 1964:10  2.7865774299557 2.8646060075472 3.9776274836945 3.1183011198702
 1964:11  2.8208984619248 2.8615730619734 3.9843211488652 3.1180182047001
 1964:12  2.7723903961038 2.8272346077831 3.9934523781513 3.1311733064122
 1965:01  2.7917597541625 2.8448267649528 4.0118356177186 3.1385052377461
 1965:02  2.7935969627598 2.8600942370835 4.0199375354550 3.1311733064122
 1965:03  2.7872127220390 2.8741119495752 4.0199805938535 3.1152887679986
 1965:04  2.7121004820765 2.8930568995690 4.0242019342415 3.0945471807594
 1965:05  2.7780819892105 2.9259074556531 4.0154085125463 3.1015625653659
 1965:06  2.7699614444099 2.8546865620785 4.0217688557205 3.1307707685974
 1965:07  2.7676917484986 2.8701307085996 3.9334559114891 3.1390579537248
 1965:08  2.7392922166074 2.8558974148641 3.8961450795385 3.1393761553750
 1965:09  2.7418473833367 2.8333167354769 3.9061063965174 3.1296255532683
 1965:10  2.7065286902854 2.8128648266108 3.9072828846011 3.1543768425800
 1965:11  2.7108537109591 2.8364762957672 3.8771776893735 3.1684017348766
 1965:12  2.6814006657722 2.8252371672180 3.9089047370606 3.1574591686831
 1966:01  2.7005731193693 2.8542247040913 3.9053336962213 3.1453905177408
 1966:02  2.7182841710333 2.8678744244025 3.9093849972968 3.1588630430485
 1966:03  2.7444315385768 2.8909642773727 3.9030625683769 3.1427982606691
 1966:04  2.7125361822465 2.8800149497571 3.8901538838913 3.1445249634600
 1966:05  2.7283724091519 2.8686449607964 3.8998260469300 3.1360798113288
 1966:06  2.7745220713246 2.8378874222375 3.8729211981507 3.1391741923435
 1966:07  2.7152751755556 2.8578704066463 3.8628272629739 3.1541561525135
 1966:08  2.6982940261568 2.8579656093316 3.8876617269387 3.1452272935331
 1966:09  2.6777303423904 2.8224719481503 3.8737793005437 3.1376061996562
 1966:10  2.6640275571097 2.8335097990731 3.8577587941009 3.1392452464096
 1966:11  2.6366569421861 2.8335097990731 3.8838152325599 3.1226168136552
 1966:12  2.5981713090628 2.8225307069849 3.9081483137594 3.1236315270858
 1967:01  2.6648152478809 2.8130881947076 3.8880095677358 3.1247004742747
 1967:02  2.6762720938809 2.7978745888269 3.8711815660902 3.1324399026382
 1967:03  2.7000737896739 2.8370328565470 3.8872799394909 3.1320516484221
 1967:04  2.6582392279755 2.8701485011310 3.8805941832712 3.1412920991029
 1967:05  2.6593248536916 2.8659509254841 3.8958063353476 3.1565354123367
 1967:06  2.6708879182173 2.8476113643188 3.8614314061176 3.1501149434086
 1967:07  2.6377782834303 2.9184765620275 3.8519237927647 3.1574843201019
 1967:08  2.6307748768811 2.9006715832845 3.8600344072352 3.1461879017028
 1967:09  2.6796018931447 2.8416931177425 3.8589127335246 3.1343184368401
 1967:10  2.7148324851350 2.8672663132159 3.8535097162273 3.1283244839741
 1967:11  2.7037295299925 2.8622554817937 3.8485859259020 3.1527453133888
 1967:12  2.7105692053351 2.8416821082733 3.8729024080624 3.1480238738281
 1968:01  2.7042633643514 2.8661203531348 3.8724970456919 3.1367299511317
 1968:02  2.7091514441560 2.8919599877632 3.8823783777180 3.1315992936352
 1968:03  2.7301273795676 2.8947937158085 3.8837757934051 3.0668330233547
 1968:04  2.7373683071037 3.1011039794792 3.8551600711285 3.1000168037988
 1968:05  2.7434775492776 3.0992925606525 3.8901709071768 3.0836747774429
 1968:06  2.7395395150585 3.0935349667259 3.8670189980461 3.0918445058652
 1968:07  2.7213461690973 3.0745204902956 3.8370609873623 3.1044215233422
 1968:08  2.7439760221154 3.0572336585481 3.7997742764650 3.1098831987831
 1968:09  2.7356915738027 3.0314856526326 3.8187526518605 3.1079340032110
 1968:10  2.7715130594982 3.0493586861827 3.8258057322882 3.1048159885221
 1968:11  2.7810474943717 3.1467790061908 3.8462368731264 3.1300480762671
 1968:12  2.7712654020663 3.2628682326434 3.8769544465372 3.1510719775867
 1969:01  2.7680217353158 3.1873734759187 3.8736243761737 3.1285865674053
 1969:02  2.7555908578806 3.1970122843878 3.8628424182305 3.1275664727911
 1969:03  2.8946468963638 3.2484906577120 3.8611476112121 3.1263423227701
 1969:04  2.8545580108925 3.2881492941245 3.8423189290860 3.1240692098043
 1969:05  2.8166771006573 3.1976503636536 3.8645986243733 3.1229749367313
 1969:06  2.8040773177268 3.2114554851382 3.8727242963076 3.1341611199067
 1969:07  2.7888580488471 3.2014486520738 3.8549829071693 3.1387086493443
 1969:08  2.8389664882871 3.2910365792425 3.8070390580269 3.1527368514642
 1969:09  2.8577890726155 3.3245306582176 3.8235881602326 3.1766335019171
 1969:10  2.9204931710135 3.2892814930321 3.7481905257028 3.1593174852285
 1969:11  2.8965699823375 3.3992478652990 3.8050717911082 3.1504947933780
 1969:12  2.9247266982170 3.4429287906860 3.8688289232880 3.1533218240897
 1970:01  2.9319113699571 3.4718203318998 3.8698339822819 3.1703242852792
 1970:02  2.9277451940502 3.5317898976570 3.8653808645850 3.1607593919898
 1970:03  3.0229608423774 3.5381500450013 3.8668617848774 3.1673941759283
 1970:04  2.9893409264242 3.5236117512131 3.8521028738617 3.1758958412264
 1970:05  3.0002955424300 3.4727962474885 3.8752288076072 3.1766113405156
 1970:06  3.0232059411299 3.4670436186826 3.8893804642523 3.1800714366551
 1970:07  2.9842361752234 3.4436363699142 3.8730748737909 3.1707242383059
 1970:08  2.9930780131895 3.4411110548286 3.9111235648299 3.1635138038139
 1970:09  2.9840185897531 3.4628344316503 3.8865119635014 3.1951214088380
 1970:10  2.9672395264794 3.4431355321745 3.8975692285440 3.1884595550721
 1970:11  2.9518081492803 3.4321280320943 3.9732495259489 3.1979562713859
 1970:12  2.9512650975940 3.4700424570933 4.0948547001901 3.1964911432587
 1971:01  2.9930173032697 3.4317779812941 3.8546646032750 3.1906607380000
 1971:02  2.9666122032093 3.4458899346084 3.8669998120420 3.1819955220295
 1971:03  3.0193698632292 3.4482950110893 3.8770986016048 3.1902299920465
 1971:04  2.9996526188767 3.4649826428614 3.8679118794240 3.2301404847862
 1971:05  3.1759888995683 3.4651628568585 3.8837093902524 3.2239835878819
 1971:06  3.1536873035470 3.4278377807347 3.8919293711879 3.2163953165760
 1971:07  3.1190308846628 3.3806219466560 3.8903600535572 3.1955712520738
 1971:08  3.0865855802279 3.3522404810250 3.9410892736250 3.2380908824662
 1971:09  3.0418904195325 3.3334029449457 3.9376741972441 3.1788991571161
 1971:10  3.0501836694390 3.3188904853414 3.9231573690426 3.1748455840542
 1971:11  3.0999444664460 3.3186917126550 3.9874899676854 3.1919602635164
 1971:12  3.2960706061828 3.3155205610868 4.1009940223458 3.2345787907056
 1972:01  3.2721963351522 3.1530200057052 4.0018636295853 3.2203349896543
 1972:02  3.1186677792696 3.1725198648492 3.9792699287788 3.2165499159311
 1972:03  3.0586507087605 3.1842570778352 3.9372297518707 3.1861084260362
 1972:04  2.9924220480682 3.2260940440627 3.9150305000709 3.2212001780689
 1972:05  3.1113624201176 3.2362755675481 3.9003727000203 3.2168941998242
 1972:06  3.1423483292208 3.2470701098006 3.8467354859126 3.2712576124529
 1972:07  3.0144469561937 3.2190418550405 3.8317114010333 3.2276889198183
 1972:08  2.9968151474227 3.1288042188935 3.8200661156287 3.2015433567154
 1972:09  2.9983859403991 3.2061354783043 3.8475715745980 3.1909669031607
 1972:10  3.1405562464289 3.2192939791877 3.9618274629590 3.1796384554611
 1972:11  3.2186039827020 3.2252721337881 3.9156762440023 3.1724184501285
 1972:12  3.2166684369722 3.3000033634802 3.8821134469179 3.1732790404723
 1973:01  3.1859014959070 3.2478779422803 3.9253025062672 3.1599190116603
 1973:02  3.1647820443879 3.2263603416086 3.8468738927562 3.1152091773564
 1973:03  3.1626711862758 3.2104311437054 3.8633068051253 3.0998737438022
 1973:04  3.1454305424037 3.1967216728629 3.8291945881335 3.1059353202093
 1973:05  2.9478489466459 3.2472466401792 3.8516081299173 3.1614634314097
 1973:06  3.0304880452223 3.1913710716229 3.8041841576211 3.1203016919013
 1973:07  2.9586284113482 3.1514832010067 3.7892460498625 3.0769133862530
 1973:08  2.9262069012256 3.1259172454506 3.8133188331547 3.0412766695833
 1973:09  2.7899585357520 3.0316542827301 3.7615088095533 3.0662457274997
 1973:10  2.7506088793777 3.0441159641468 3.7085779618339 3.0536979417977
 1973:11  2.7621741923350 3.0441804989271 3.7599392637154 3.0667386389889
 1973:12  2.7403602761909 3.0120888439603 3.7474781948842 3.0594526901649
 1974:01  2.8148159167794 2.9623020210903 3.6878096164410 3.0344136442955
 1974:02  2.7996374253594 2.9476115226821 3.5906157389849 2.9996728463959
 1974:03  2.7814205289419 2.9637329690161 3.5005469430733 2.9481252406581
 1974:04  2.7797215034029 2.9357970078270 3.5074777460675 2.9451977821117
 1974:05  2.7894549007077 2.9334963168704 3.4953092151437 2.9407398795454
 1974:06  2.7498306045401 2.9343594596776 3.4947048891217 2.9576493266048
 1974:07  2.7317419602244 2.8984622292638 3.4834782605518 2.9751247050326
 1974:08  2.7123788894635 2.9257044434195 3.4871181949687 2.9553672847549
 1974:09  2.6989303957046 2.9486603199151 3.4896910975657 2.9672659823875
 1974:10  2.6884356591926 2.9627127095774 3.5197525782829 2.9683083456963
 1974:11  2.7197822122954 2.9590571376679 3.5227167224147 2.9260153304666
 1974:12  2.7411935998809 2.9730299926804 3.4630743532895 3.0280873669213
 1975:01  2.6945864405783 2.9787853319035 3.5313596975130 2.9552307354946
 1975:02  2.6689931945874 2.9497607172673 3.5177452018562 2.9676509636501
 1975:03  2.5799292592359 2.9990013203663 3.5230749836201 2.9531486753281
 1975:04  2.5572596756846 3.0054032112706 3.5787444632730 3.0165264238707
 1975:05  2.5718255764442 2.9977272822002 3.5925785146168 3.1084492135191
 1975:06  2.6089713644513 3.0245970486066 3.5685065923013 3.0650138964517
 1975:07  2.6154097271364 3.0901984187544 3.5585751934378 3.0396115602335
 1975:08  2.6405773585202 3.0816737033542 3.5848511062819 3.0255574990927
 1975:09  2.6403560494647 3.0443001908062 3.6180988248819 3.0058024639319
 1975:10  2.6274103846664 3.1574414586306 3.5891941097658 3.0069748169239
 1975:11  2.6357364355214 3.1662753196517 3.6280882583533 3.0378734551182
 1975:12  2.6424302052936 3.1530003064519 3.6192217402876 3.0323354244206
 1976:01  2.6413198719191 3.1309360584854 3.6043350773150 3.0273577206808
 1976:02  2.6399820735896 3.0850257615275 3.6305154039761 3.0151508985593
 1976:03  2.6240222845584 2.9905753659933 3.5913744272592 3.0729860118970
 1976:04  2.6173330310288 3.0264916313595 3.6006438358895 3.1208284711392
 1976:05  2.6998939566830 3.0211174489010 3.6142510017189 3.0523943378178
 1976:06  2.7159936032562 2.9946826319639 3.6262151508132 3.1185169978945
 1976:07  2.7084481015685 2.9685617600432 3.6149150414682 3.0706330754678
 1976:08  2.7002405716543 3.0447143835864 3.6561721071944 3.0872739980051
 1976:09  2.6712396041326 3.0387906512185 3.6273316449752 3.0264892175247
 1976:10  2.6659139491349 3.0406603826487 3.6409152817766 3.0625954595149
 1976:11  2.5736302294082 3.0351385464131 3.6117431763156 3.0174622660323
 1976:12  2.5694800684531 3.0412408965613 3.6051781386675 3.0339675099853
 1977:01  2.6070819520354 3.0739544411011 3.6104827959603 3.0355707937962
 1977:02  2.5582203125493 3.0244056403914 3.5866057570938 3.0317157814540
 1977:03  2.5434089971135 3.0254542906306 3.5824034030297 3.0184097238598
 1977:04  2.5710103060422 2.9879923978438 3.5802133555519 3.0375671834736
 1977:05  2.7627509512763 2.9995767840563 3.6186031281237 3.0779381257725
 1977:06  2.9305602594671 3.0052825243858 3.5540352499116 3.0570470919126
 1977:07  2.7341012747918 2.9841753388693 3.5902357763755 3.0159812298020
 1977:08  2.7262956928473 2.9886482953788 3.5759028095291 3.0019535064910
 1977:09  2.7342528447549 2.9794061767617 3.5813569428086 3.0263047230342
 1977:10  2.7407048727371 2.9375372263386 3.6272993685833 3.0298894492007
 1977:11  2.7343652161072 2.9450382396636 3.6052035907249 2.9847835180637
 1977:12  2.7335929782887 2.9448235752083 3.6040451404041 2.9974566920728
 1978:01  2.7383515912742 2.9507031430056 3.6444635090835 2.9952676086519
 1978:02  2.7349120127488 2.9544751385623 3.6004677224689 2.9999625988116
 1978:03  2.7384395629377 2.9917247277429 3.5796418091791 2.9842743135557
 1978:04  2.7434588465543 3.0118796684106 3.5677243844444 3.0276334848328
 1978:05  2.7739761729540 3.0123912212078 3.6062798847881 3.0416071878631
 1978:06  2.7689402940088 3.0149214314663 3.6099465151927 3.0417893299271
 1978:07  2.7361324948891 2.9898823886009 3.5719817502352 3.0280279297561
 1978:08  2.7479579854930 3.0095630229982 3.5539888691336 2.9974634090045
 1978:09  2.7664781198628 3.0056633676538 3.5487838294818 3.0080367402513
 1978:10  2.7646356947653 3.0061093380610 3.5362742906181 2.9762662534772
 1978:11  2.7872875643505 3.0329202101909 3.5855987620318 3.0126328550860
 1978:12  2.7995894015773 3.0324029702793 3.6633137397166 3.0254742251073
 1979:01  2.7938539250285 3.0168909521507 3.7053044987820 3.0372826417989
 1979:02  2.8080525306712 3.0088992974855 3.7133560737323 3.0336453524332
 1979:03  2.8438328718444 3.0301057056219 3.7354165251911 3.0672853116179
 1979:04  2.7663766406402 2.9869187192706 3.7318939467808 3.1118805764497
 1979:05  2.7418244196221 2.9450142366065 3.7098758631730 3.0850801765520
 1979:06  2.7558344379149 2.9541912706091 3.6823577568360 3.0603631453378
 1979:07  2.7142930486789 2.9506083215952 3.6025516316976 3.0284143548297
 1979:08  2.6996947632486 2.9172783296098 3.5908391481266 3.0361652194317
 1979:09  2.6956118609369 2.9201500320642 3.5140735514683 3.0420518903225
 1979:10  2.7073285032402 2.9280902970486 3.5598450090568 3.0189886352102
 1979:11  2.7338779868244 2.9612295559926 3.6045401020934 3.0150220318769
 1979:12  2.7298691517409 2.9231476539477 3.5800778275293 2.9853446815233
 1980:01  2.7066323023961 2.9302848177213 3.6124102005705 2.9817546379546
 1980:02  2.7740279912561 2.9296131288890 3.5550770037991 2.9947046284437
 1980:03  2.7633330895590 2.9834486765975 3.5773213513150 2.9804680484594
 1980:04  2.7427808590285 2.9651542377167 3.6349496796992 2.9632501222438
 1980:05  2.7411889838579 2.9539159232187 3.6359019443017 2.9273366429591
 1980:06  2.7428720643014 2.9512510736435 3.5708546930279 2.9403378568254
 1980:07  2.6995349777122 2.9285853534999 3.5385095586704 2.9820629752189
 1980:08  2.7008263767273 2.8963428047524 3.5260505115849 2.9526015164938
 1980:09  2.7107961679187 2.9223822390514 3.4606862516421 2.9970904673325
 1980:10  2.7193092089982 2.8939180129095 3.4846136531397 2.9704246230164
 1980:11  2.7168173467149 2.9014758436234 3.5107158675123 2.9336342273774
 1980:12  2.7340121087589 2.8881551827372 3.4801821082030 2.9484604244030
 1981:01  2.7621543453963 2.8819792124981 3.5027451806500 2.9858474723916
 1981:02  2.7847686680271 2.9021889763373 3.5465663539229 2.9919030630644
 1981:03  2.7436528904628 2.8956402623289 3.5220243545491 2.9340713882983
 1981:04  2.7942227672910 2.9015906415010 3.5142313023372 2.9781886334017
 1981:05  2.8161095383981 2.9192553975830 3.5438299199300 3.0077175395010
 1981:06  2.8274897076656 2.9445524162918 3.5253982812589 3.0014793821342
 1981:07  2.8327014681641 2.9491357501381 3.5368600556404 3.0863039717384
 1981:08  2.8540933679047 2.9499635885028 3.5321359869323 3.0589470339983
 1981:09  2.8965057424859 2.9944303446815 3.5131805166436 3.0934868494455
 1981:10  2.8665970170289 2.9345357654982 3.5557980431551 3.0701543562293
 1981:11  2.8056719206854 2.9751969498950 3.5802346098111 3.0499251448247
 1981:12  2.8222266831937 2.9743577296258 3.5732025190057 3.0718584908099
 1982:01  2.8474134467453 2.9329406918864 3.5663446643893 3.0845827400436
 1982:02  2.8708968232463 2.9241055194119 3.5840724364842 3.0781430413005
 1982:03  2.8602486362071 2.9200022418919 3.5901636741159 3.0762055974767
 1982:04  2.8591847667064 2.9500421092803 3.6317692029958 3.0938607206941
 1982:05  2.8439300314137 2.9568351566864 3.6126428796259 3.0815535092406
 1982:06  2.8909611643532 2.9773175763497 3.6547381581069 3.1190087737507
 1982:07  2.8901742153316 2.9733029134902 3.6347467996771 3.1069739611670
 1982:08  2.9075151372432 3.0238674355972 3.6154960460149 3.0941583325972
 1982:09  2.9287563579941 3.0226624192860 3.5903209232370 3.0886095207465
 1982:10  3.0250099885055 3.0485946732083 3.6193492394773 3.1091726456183
 1982:11  2.9871730664334 3.0542552665295 3.6436852989275 3.0559415419476
 1982:12  2.9600163968191 3.0552487671722 3.6189393647168 3.0414088041848
 1983:01  2.9761637565879 3.0619772782832 3.6138076012711 3.0816940838121
 1983:02  2.8852482327119 3.0862928802838 3.6043192139529 3.0654341382041
 1983:03  2.8759224432797 3.1346028249694 3.6068314268218 3.0768624533758
 1983:04  2.8851542581533 3.1498938096535 3.6095044641436 3.1033262346703
 1983:05  2.9312400151624 3.2133505321752 3.6400208271518 3.1110254621121
 1983:06  2.9161073541140 3.2516359231053 3.6238507380500 3.0599290611982
 1983:07  2.9296314468411 3.2143634856481 3.6452268582739 3.0627003692926
 1983:08  2.9599933232941 3.3193092221895 3.6597446023925 3.0718369530615
 1983:09  3.0318336432024 3.4243189632164 3.7033861641988 3.1627733643697
 1983:10  2.9841568014334 3.8863877381521 3.6478823376490 3.0808112632129
 1983:11  3.0005322028790 3.6469518548414 3.6902126057669 3.1150780239657
 1983:12  3.0023867914492 3.6183551640443 3.6971199612507 3.1114411431535
 1984:01  3.0171693155768 3.5616985440778 3.7016471378603 3.0995363176686
 1984:02  3.0040853532065 3.3823983510128 3.6834887798682 3.0944029809164
 1984:03  3.0067846788684 3.3068157665098 3.6782002503148 3.0890784235704
 1984:04  3.0080974442819 3.4066502297625 3.6821790462389 3.1063061967690
 1984:05  3.0112261145341 3.4195356436478 3.6814514689379 3.1076913219170
 1984:06  3.0086614260339 3.4931290231108 3.6820263026650 3.0951128165098
 1984:07  2.9931719095317 3.2812088495468 3.6913285446045 3.0951117622980
 1984:08  2.9953040922467 3.3298893322178 3.6775989470391 3.1135380268375
 1984:09  2.9818898478970 3.3099776052277 3.6668453559459 3.1236522873499
 1984:10  2.9790678422149 3.2254858725036 3.6951882051490 3.1324162955826
 1984:11  2.9771156196580 3.1887025158005 3.7021225719381 3.2568721863243
 1984:12  2.9814939175520 3.1983002962210 3.6835090298222 3.2453629999914
 1985:01  2.8898689615827 3.1074453913401 3.6663683009549 3.2544495993549
 1985:02  2.9816949822620 3.1663895033172 3.7424689117116 3.3048030770752
 1985:03  2.8833717116186 3.0014760684446 3.6337474186639 3.1859360981273
 1985:04  2.8898069580154 3.1206185924815 3.6729909584688 3.3352971542862
 1985:05  2.9247616577964 3.1202326969579 3.6998110737991 3.2659200885728
 1985:06  2.8739984735607 3.1013889624535 3.6894314029175 3.2525807618058
 1985:07  2.7976966426091 3.1006198202368 3.6033819280437 3.1607966486835
 1985:08  2.9024337607015 3.0945422082657 3.6586288776045 3.1925398898713
 1985:09  2.8387288547943 3.1085426485410 3.5663771637141 3.0786321297782
 1985:10  2.8635221372637 3.1186210930636 3.6427696649654 3.0927797289491
 1985:11  2.8616046984800 3.1191004539249 3.6422475391583 3.1691820321902
 1985:12  2.9432220784743 3.1939850645903 3.6965454301879 3.2572142313605
 1986:01  2.7715918702614 3.1947803025554 3.6682684434578 3.2722527066945
 1986:02  2.8708753266225 3.2917485359207 3.6894281313260 3.2125744624391
 1986:03  2.8898310819692 3.2078979407672 3.6464376402551 3.2318451222119
 1986:04  2.8780591907565 3.2109154788195 3.6561531977013 3.1966263358015
 1986:05  2.9617484040553 3.2236222784632 3.6745870535086 3.2365651756370
 1986:06  2.9183813506189 3.2405932843692 3.6705768231078 3.2130862079162
 1986:07  2.8826560454185 3.2385029981767 3.6462319241222 3.2073730601242
 1986:08  2.9064571240254 3.2451152935191 3.6265458694623 3.1955285131159
 1986:09  2.9697135565147 3.2508954901176 3.5985440385768 3.2229173517257
 1986:10  2.9903223934174 3.2272266671820 3.6589267069605 3.2610326081614
 1986:11  2.9403122131962 3.2213406108729 3.7039599917483 3.2516446740300
 1986:12  2.9527266778089 3.2434502858293 3.6560901019908 3.2343116200960
 1987:01  2.9435695442132 3.2887931469678 3.6072803975114 3.3146629227311
 1987:02  3.0092784632623 3.3529237744964 3.5462917314757 3.3013874705933
 1987:03  3.0083422948409 3.3784527991019 3.5213789923970 3.3139011905865
 1987:04  2.9995319640844 3.2982134048768 3.5707256178760 3.2866364720624
 1987:05  3.0237330401802 3.3136927623079 3.4821793917138 3.2464486525607
 1987:06  3.0405717424179 3.3697067145708 3.5444532609663 3.2641743185413
 1987:07  3.0391703872343 3.3515624624474 3.5105849469717 3.2554090901518
 1987:08  3.0278296531141 3.2650125307608 3.4783776442388 3.2686923877192
 1987:09  3.0379504245990 3.2731590711209 3.4923355610702 3.2774298508717
 1987:10  2.9838995484062 3.3627802799529 3.4493416769013 3.2766243974808
 1987:11  3.0337652723530 3.2717662670490 3.4345055948795 3.2612655727558
 1987:12  3.1267091677278 3.2831389804752 3.4155363746090 3.2571227771182
 1988:01  3.0505044516254 3.2700271448922 3.4630608082646 3.2595616128525
 1988:02  3.0552157313553 3.2416661106490 3.4787800253152 3.2505477774494
 1988:03  3.0617363621790 3.2282922375402 3.4923637212401 3.2564365070861
 1988:04  3.0484992850006 3.2435623398790 3.4995995993313 3.2562757931520
 1988:05  3.0736836726501 3.2642552939540 3.4980387599050 3.2449368543528
 1988:06  3.0775187242223 3.2866777053556 3.4879901567951 3.2567056964432
 1988:07  3.0840287815024 3.2668108464373 3.4558609738476 3.2625981355768
 1988:08  3.0770849834898 3.2787041906706 3.4210871343903 3.2656679988332
 1988:09  3.1086841870431 3.2807759780262 3.4944257119728 3.2476731593731
 1988:10  3.0785063792742 3.2762739543762 3.4222726234808 3.1859860629132
 1988:11  3.0598083576401 3.2487459111590 3.4111047079356 3.2028172876405
 1988:12  3.0575471544123 3.2174686700620 3.4458337115090 3.2532302728683
 1989:01  3.0891775491103 3.2328088500655 3.4267939699453 3.2448338111183
 1989:02  3.0438573089808 3.2196054987112 3.4045207198958 3.2227665020464
 1989:03  3.0393351953498 3.2051538684527 3.3825907173907 3.2887884899001
 1989:04  3.0458576496577 3.2228962020613 3.3516267132176 3.3020080895486
 1989:05  3.1551887009248 3.2396638819619 3.3383050766272 3.2829199311984
 1989:06  3.1308227933182 3.2026567689034 3.3184881023589 3.3073340202394
