  ENTRY        TAWCPI           TAWEX          USCPI
 1959:01  15.000000000000 51.800000000000 23.063628000000
 1959:02  15.110000000000 50.100000000000 23.037057000000
 1959:03  15.340000000000 50.000000000000 23.037057000000
 1959:04  15.320000000000 49.000000000000 23.063628000000
 1959:05  15.340000000000 48.800000000000 23.090199000000
 1959:06  15.600000000000 48.200000000000 23.196483000000
 1959:07  16.090000000000 47.600000000000 23.249625000000
 1959:08  16.940000000000 47.800000000000 23.223054000000
 1959:09  17.480000000000 47.900000000000 23.302767000000
 1959:10  17.200000000000 46.500000000000 23.382480000000
 1959:11  16.730000000000 44.600000000000 23.382480000000
 1959:12  16.690000000000 44.450000000000 23.382480000000
 1960:01  16.850000000000 46.000000000000 23.355909000000
 1960:02  17.230000000000 46.600000000000 23.382480000000
 1960:03  17.850000000000 46.250000000000 23.382480000000
 1960:04  18.680000000000 46.750000000000 23.515335000000
 1960:05  18.610000000000 48.500000000000 23.515335000000
 1960:06  19.130000000000 45.600000000000 23.568477000000
 1960:07  19.300000000000 44.150000000000 23.568477000000
 1960:08  20.130000000000 44.150000000000 23.568477000000
 1960:09  20.400000000000 43.150000000000 23.595048000000
 1960:10  20.210000000000 43.950000000000 23.701332000000
 1960:11  20.240000000000 42.550000000000 23.727903000000
 1960:12  19.880000000000 44.600000000000 23.727903000000
 1961:01  19.920000000000 44.900000000000 23.727903000000
 1961:02  20.290000000000 43.150000000000 23.727903000000
 1961:03  20.290000000000 41.350000000000 23.727903000000
 1961:04  20.440000000000 41.850000000000 23.727903000000
 1961:05  20.450000000000 42.200000000000 23.727903000000
 1961:06  20.460000000000 44.000000000000 23.754474000000
 1961:07  20.360000000000 44.600000000000 23.860758000000
 1961:08  20.610000000000 44.050000000000 23.834187000000
 1961:09  20.910000000000 43.750000000000 23.887329000000
 1961:10  21.070000000000 42.950000000000 23.887329000000
 1961:11  20.880000000000 42.550000000000 23.887329000000
 1961:12  20.700000000000 44.600000000000 23.887329000000
 1962:01  20.550000000000 44.500000000000 23.887329000000
 1962:02  20.790000000000 44.700000000000 23.940471000000
 1962:03  20.710000000000 44.750000000000 23.993613000000
 1962:04  20.800000000000 46.500000000000 24.046755000000
 1962:05  21.080000000000 49.800000000000 24.046755000000
 1962:06  20.960000000000 53.200000000000 24.046755000000
 1962:07  20.640000000000 45.050000000000 24.099897000000
 1962:08  20.850000000000 46.500000000000 24.099897000000
 1962:09  21.350000000000 46.750000000000 24.232752000000
 1962:10  21.730000000000 44.050000000000 24.206181000000
 1962:11  21.450000000000 45.000000000000 24.206181000000
 1962:12  21.300000000000 46.250000000000 24.179610000000
 1963:01  21.490000000000 46.350000000000 24.206181000000
 1963:02  21.510000000000 46.800000000000 24.232752000000
 1963:03  21.570000000000 43.700000000000 24.259323000000
 1963:04  21.700000000000 41.600000000000 24.259323000000
 1963:05  21.510000000000 42.000000000000 24.259323000000
 1963:06  21.330000000000 41.200000000000 24.365607000000
 1963:07  21.050000000000 43.000000000000 24.471891000000
 1963:08  21.100000000000 41.000000000000 24.471891000000
 1963:09  21.770000000000 40.800000000000 24.471891000000
 1963:10  21.740000000000 40.750000000000 24.498462000000
 1963:11  21.480000000000 42.650000000000 24.525033000000
 1963:12  21.420000000000 42.750000000000 24.578175000000
 1964:01  21.450000000000 43.250000000000 24.604746000000
 1964:02  21.480000000000 44.100000000000 24.578175000000
 1964:03  21.410000000000 43.100000000000 24.604746000000
 1964:04  21.270000000000 43.750000000000 24.631317000000
 1964:05  21.360000000000 44.000000000000 24.631317000000
 1964:06  21.180000000000 45.600000000000 24.684459000000
 1964:07  21.030000000000 46.000000000000 24.737601000000
 1964:08  21.240000000000 44.600000000000 24.711030000000
 1964:09  21.540000000000 47.000000000000 24.764172000000
 1964:10  21.870000000000 47.100000000000 24.790743000000
 1964:11  21.840000000000 47.250000000000 24.843885000000
 1964:12  21.550000000000 47.000000000000 24.870456000000
 1965:01  21.270000000000 47.250000000000 24.870456000000
 1965:02  21.210000000000 47.500000000000 24.870456000000
 1965:03  21.120000000000 47.250000000000 24.897027000000
 1965:04  21.210000000000 47.500000000000 24.976740000000
 1965:05  21.330000000000 47.250000000000 25.029882000000
 1965:06  21.420000000000 47.500000000000 25.162737000000
 1965:07  21.450000000000 43.500000000000 25.189308000000
 1965:08  21.580000000000 42.250000000000 25.136166000000
 1965:09  21.690000000000 42.800000000000 25.189308000000
 1965:10  21.510000000000 42.450000000000 25.215879000000
 1965:11  21.560000000000 41.200000000000 25.269021000000
 1965:12  21.690000000000 42.650000000000 25.348734000000
 1966:01  21.640000000000 42.400000000000 25.348734000000
 1966:02  21.330000000000 41.700000000000 25.508160000000
 1966:03  21.300000000000 41.250000000000 25.587873000000
 1966:04  21.430000000000 40.800000000000 25.694157000000
 1966:05  21.480000000000 41.250000000000 25.720728000000
 1966:06  22.000000000000 41.000000000000 25.800441000000
 1966:07  22.020000000000 40.500000000000 25.880154000000
 1966:08  21.910000000000 41.100000000000 26.013009000000
 1966:09  22.370000000000 41.300000000000 26.066151000000
 1966:10  22.520000000000 40.750000000000 26.172435000000
 1966:11  22.210000000000 41.250000000000 26.172435000000
 1966:12  22.040000000000 41.900000000000 26.199006000000
 1967:01  22.220000000000 41.400000000000 26.199006000000
 1967:02  22.620000000000 41.400000000000 26.225577000000
 1967:03  22.250000000000 41.300000000000 26.278719000000
 1967:04  22.200000000000 40.850000000000 26.331861000000
 1967:05  22.280000000000 41.500000000000 26.411574000000
 1967:06  22.460000000000 40.300000000000 26.491287000000
 1967:07  22.760000000000 40.250000000000 26.624142000000
 1967:08  22.700000000000 40.350000000000 26.703855000000
 1967:09  22.940000000000 40.650000000000 26.756997000000
 1967:10  22.820000000000 40.100000000000 26.836710000000
 1967:11  22.800000000000 39.750000000000 26.916423000000
 1967:12  23.020000000000 41.000000000000 26.996136000000
 1968:01  23.120000000000 41.000000000000 27.102420000000
 1968:02  22.960000000000 41.000000000000 27.182133000000
 1968:03  23.040000000000 41.000000000000 27.314988000000
 1968:04  24.010000000000 41.400000000000 27.394701000000
 1968:05  24.150000000000 43.000000000000 27.474414000000
 1968:06  24.570000000000 42.500000000000 27.633840000000
 1968:07  24.990000000000 41.750000000000 27.766695000000
 1968:08  25.640000000000 41.150000000000 27.846408000000
 1968:09  25.230000000000 41.150000000000 27.926121000000
 1968:10  25.410000000000 41.500000000000 28.085547000000
 1968:11  24.900000000000 41.350000000000 28.191831000000
 1968:12  24.420000000000 41.700000000000 28.271544000000
 1969:01  24.600000000000 41.750000000000 28.351257000000
 1969:02  24.930000000000 41.700000000000 28.457541000000
 1969:03  24.850000000000 41.150000000000 28.696680000000
 1969:04  24.960000000000 40.300000000000 28.882677000000
 1969:05  24.690000000000 40.650000000000 28.962390000000
 1969:06  24.890000000000 41.050000000000 29.148387000000
 1969:07  25.420000000000 41.000000000000 29.281242000000
 1969:08  25.940000000000 39.700000000000 29.414097000000
 1969:09  25.920000000000 40.150000000000 29.546952000000
 1969:10  28.260000000000 40.450000000000 29.653236000000
 1969:11  27.040000000000 40.750000000000 29.812662000000
 1969:12  25.810000000000 41.200000000000 29.998659000000
 1970:01  25.530000000000 40.650000000000 30.104943000000
 1970:02  25.970000000000 40.950000000000 30.264369000000
 1970:03  26.100000000000 41.000000000000 30.423795000000
 1970:04  26.260000000000 40.400000000000 30.609792000000
 1970:05  26.090000000000 40.900000000000 30.742647000000
 1970:06  25.920000000000 41.000000000000 30.902073000000
 1970:07  26.340000000000 40.850000000000 31.008357000000
 1970:08  27.110000000000 43.600000000000 31.061499000000
 1970:09  27.800000000000 43.400000000000 31.220925000000
 1970:10  27.380000000000 43.000000000000 31.380351000000
 1970:11  27.040000000000 45.650000000000 31.486635000000
 1970:12  26.780000000000 50.800000000000 31.646061000000
 1971:01  27.270000000000 40.650000000000 31.672632000000
 1971:02  27.180000000000 40.950000000000 31.725774000000
 1971:03  27.030000000000 41.000000000000 31.832058000000
 1971:04  26.970000000000 40.400000000000 31.938342000000
 1971:05  27.010000000000 40.900000000000 32.097768000000
 1971:06  27.010000000000 41.000000000000 32.283765000000
 1971:07  27.020000000000 40.850000000000 32.363478000000
 1971:08  27.480000000000 43.600000000000 32.443191000000
 1971:09  27.470000000000 43.400000000000 32.469762000000
 1971:10  27.660000000000 43.000000000000 32.522904000000
 1971:11  27.580000000000 45.650000000000 32.576046000000
 1971:12  27.510000000000 50.800000000000 32.708901000000
 1972:01  27.110000000000 45.300000000000 32.735472000000
 1972:02  27.680000000000 45.000000000000 32.894898000000
 1972:03  27.630000000000 43.000000000000 32.948040000000
 1972:04  27.660000000000 42.000000000000 33.027753000000
 1972:05  27.790000000000 41.450000000000 33.134037000000
 1972:06  28.080000000000 39.600000000000 33.213750000000
 1972:07  28.330000000000 39.200000000000 33.346605000000
 1972:08  29.330000000000 40.050000000000 33.399747000000
 1972:09  29.220000000000 40.850000000000 33.532602000000
 1972:10  28.100000000000 43.900000000000 33.638886000000
 1972:11  27.750000000000 41.300000000000 33.718599000000
 1972:12  28.230000000000 40.500000000000 33.824883000000
 1973:01  27.490000000000 41.050000000000 33.931167000000
 1973:02  27.900000000000 38.250000000000 34.170306000000
 1973:03  27.810000000000 38.400000000000 34.489158000000
 1973:04  28.220000000000 37.400000000000 34.728297000000
 1973:05  28.580000000000 38.500000000000 34.940865000000
 1973:06  28.880000000000 36.850000000000 35.180004000000
 1973:07  29.700000000000 37.250000000000 35.259717000000
 1973:08  30.350000000000 38.300000000000 35.897421000000
 1973:09  31.640000000000 37.800000000000 36.003705000000
 1973:10  34.120000000000 38.350000000000 36.295986000000
 1973:11  34.820000000000 40.900000000000 36.561696000000
 1973:12  35.010000000000 40.350000000000 36.800835000000
 1974:01  38.460000000000 41.400000000000 37.119687000000
 1974:02  44.280000000000 42.700000000000 37.597965000000
 1974:03  44.870000000000 39.100000000000 38.023101000000
 1974:04  44.580000000000 38.900000000000 38.235669000000
 1974:05  44.220000000000 37.700000000000 38.660805000000
 1974:06  44.080000000000 37.200000000000 39.032799000000
 1974:07  44.670000000000 37.000000000000 39.325080000000
 1974:08  45.140000000000 37.050000000000 39.829929000000
 1974:09  46.610000000000 37.900000000000 40.308207000000
 1974:10  46.520000000000 38.650000000000 40.653630000000
 1974:11  47.200000000000 39.000000000000 40.999053000000
 1974:12  46.900000000000 36.250000000000 41.291334000000
 1975:01  46.490000000000 38.300000000000 41.477331000000
 1975:02  46.530000000000 37.550000000000 41.769612000000
 1975:03  46.150000000000 37.300000000000 41.929038000000
 1975:04  46.460000000000 39.500000000000 42.141606000000
 1975:05  46.490000000000 39.900000000000 42.327603000000
 1975:06  47.530000000000 39.500000000000 42.673026000000
 1975:07  47.530000000000 38.700000000000 43.124733000000
 1975:08  47.700000000000 39.750000000000 43.257588000000
 1975:09  47.650000000000 40.850000000000 43.470156000000
 1975:10  48.260000000000 39.950000000000 43.735866000000
 1975:11  47.870000000000 40.950000000000 44.001576000000
 1975:12  47.020000000000 39.700000000000 44.187573000000
 1976:01  47.840000000000 39.700000000000 44.293857000000
 1976:02  48.010000000000 40.800000000000 44.400141000000
 1976:03  48.390000000000 39.450000000000 44.506425000000
 1976:04  48.510000000000 39.750000000000 44.692422000000
 1976:05  48.260000000000 39.850000000000 44.958132000000
 1976:06  48.060000000000 39.950000000000 45.197271000000
 1976:07  48.280000000000 39.450000000000 45.462981000000
 1976:08  48.610000000000 41.200000000000 45.675549000000
 1976:09  48.590000000000 39.850000000000 45.861546000000
 1976:10  48.310000000000 40.000000000000 46.047543000000
 1976:11  48.200000000000 38.650000000000 46.180398000000
 1976:12  48.720000000000 38.700000000000 46.313253000000
 1977:01  49.370000000000 39.200000000000 46.578963000000
 1977:02  50.170000000000 38.500000000000 47.057241000000
 1977:03  49.970000000000 37.950000000000 47.349522000000
 1977:04  50.340000000000 37.850000000000 47.721516000000
 1977:05  50.580000000000 39.300000000000 47.987226000000
 1977:06  52.170000000000 37.750000000000 48.306078000000
 1977:07  52.210000000000 39.000000000000 48.518646000000
 1977:08  54.530000000000 40.000000000000 48.704643000000
 1977:09  53.760000000000 39.500000000000 48.890640000000
 1977:10  53.180000000000 40.800000000000 49.023495000000
 1977:11  52.290000000000 39.050000000000 49.262634000000
 1977:12  52.010000000000 38.650000000000 49.448631000000
 1978:01  52.910000000000 40.700000000000 49.740912000000
 1978:02  53.320000000000 39.000000000000 50.059764000000
 1978:03  53.370000000000 37.950000000000 50.431758000000
 1978:04  54.350000000000 37.850000000000 50.883465000000
 1978:05  54.320000000000 38.950000000000 51.361743000000
 1978:06  54.260000000000 38.650000000000 51.893163000000
 1978:07  54.120000000000 36.850000000000 52.265157000000
 1978:08  55.110000000000 36.650000000000 52.557438000000
 1978:09  55.970000000000 36.750000000000 52.956003000000
 1978:10  56.430000000000 36.300000000000 53.381139000000
 1978:11  56.240000000000 37.800000000000 53.673420000000
 1978:12  56.000000000000 40.500000000000 53.912559000000
 1979:01  56.180000000000 42.000000000000 54.390837000000
 1979:02  56.450000000000 42.050000000000 55.028541000000
 1979:03  57.210000000000 43.150000000000 55.559961000000
 1979:04  58.340000000000 43.350000000000 56.197665000000
 1979:05  58.840000000000 42.250000000000 56.888511000000
 1979:06  59.450000000000 41.050000000000 57.552786000000
 1979:07  60.000000000000 37.850000000000 58.163919000000
 1979:08  61.560000000000 38.000000000000 58.748481000000
 1979:09  63.540000000000 35.950000000000 59.359614000000
 1979:10  63.370000000000 37.200000000000 59.891034000000
 1979:11  62.480000000000 38.000000000000 60.449025000000
 1979:12  63.000000000000 37.000000000000 61.086729000000
 1980:01  65.550000000000 39.200000000000 61.963572000000
 1980:02  66.870000000000 37.250000000000 62.813844000000
 1980:03  67.230000000000 37.750000000000 63.717258000000
 1980:04  67.580000000000 39.750000000000 64.434675000000
 1980:05  68.870000000000 40.150000000000 65.072379000000
 1980:06  70.700000000000 38.200000000000 65.789796000000
 1980:07  71.170000000000 37.200000000000 65.842938000000
 1980:08  72.820000000000 37.350000000000 66.268074000000
 1980:09  75.620000000000 36.000000000000 66.879207000000
 1980:10  76.960000000000 37.200000000000 67.463769000000
 1980:11  77.080000000000 37.900000000000 68.074902000000
 1980:12  76.980000000000 36.400000000000 68.659464000000
 1981:01  80.460000000000 38.600000000000 69.217455000000
 1981:02  81.840000000000 40.600000000000 69.934872000000
 1981:03  82.190000000000 39.500000000000 70.439721000000
 1981:04  82.520000000000 39.100000000000 70.891428000000
 1981:05  82.220000000000 39.800000000000 71.475990000000
 1981:06  82.980000000000 39.100000000000 72.087123000000
 1981:07  83.290000000000 39.250000000000 72.910824000000
 1981:08  84.110000000000 39.150000000000 73.468815000000
 1981:09  85.150000000000 38.500000000000 74.212803000000
 1981:10  84.640000000000 39.850000000000 74.372229000000
 1981:11  84.080000000000 40.450000000000 74.584797000000
 1981:12  83.970000000000 40.000000000000 74.797365000000
 1982:01  84.530000000000 39.850000000000 75.063075000000
 1982:02  84.250000000000 40.300000000000 75.302214000000
 1982:03  84.480000000000 40.700000000000 75.222501000000
 1982:04  84.680000000000 42.350000000000 75.541353000000
 1982:05  85.210000000000 41.400000000000 76.285341000000
 1982:06  85.390000000000 42.750000000000 77.215326000000
 1982:07  85.340000000000 41.650000000000 77.640462000000
 1982:08  87.910000000000 42.000000000000 77.799888000000
 1982:09  87.080000000000 40.500000000000 77.932743000000
 1982:10  86.390000000000 41.250000000000 78.145311000000
 1982:11  85.700000000000 42.000000000000 78.012456000000
 1982:12  86.030000000000 41.300000000000 77.693604000000
 1983:01  86.050000000000 41.000000000000 77.879601000000
 1983:02  86.900000000000 41.000000000000 77.906172000000
 1983:03  87.270000000000 41.250000000000 77.959314000000
 1983:04  87.660000000000 41.250000000000 78.517305000000
 1983:05  87.040000000000 42.000000000000 78.942441000000
 1983:06  87.700000000000 41.500000000000 79.208151000000
 1983:07  86.710000000000 41.750000000000 79.527003000000
 1983:08  86.670000000000 42.200000000000 79.792713000000
 1983:09  86.940000000000 44.000000000000 80.191278000000
 1983:10  86.910000000000 41.500000000000 80.403846000000
 1983:11  86.160000000000 42.850000000000 80.536701000000
 1983:12  84.980000000000 42.500000000000 80.642985000000
 1984:01  85.070000000000 42.500000000000 81.094692000000
 1984:02  85.900000000000 41.950000000000 81.466686000000
 1984:03  86.140000000000 41.750000000000 81.652683000000
 1984:04  86.320000000000 41.800000000000 82.051248000000
 1984:05  87.360000000000 42.150000000000 82.290387000000
 1984:06  87.280000000000 42.000000000000 82.556097000000
 1984:07  87.060000000000 42.150000000000 82.821807000000
 1984:08  87.370000000000 41.550000000000 83.167230000000
 1984:09  87.670000000000 41.050000000000 83.565795000000
 1984:10  87.310000000000 41.950000000000 83.778363000000
 1984:11  86.810000000000 42.000000000000 83.778363000000
 1984:12  86.390000000000 41.000000000000 83.831505000000
 1985:01  86.440000000000 40.250000000000 83.990931000000
 1985:02  87.130000000000 43.600000000000 84.336354000000
 1985:03  87.160000000000 38.950000000000 84.708348000000
 1985:04  86.740000000000 40.150000000000 85.053771000000
 1985:05  86.450000000000 40.950000000000 85.372623000000
 1985:06  86.340000000000 40.350000000000 85.638333000000
 1985:07  86.420000000000 37.000000000000 85.771188000000
 1985:08  86.050000000000 38.850000000000 85.957185000000
 1985:09  87.470000000000 35.900000000000 86.222895000000
 1985:10  87.400000000000 38.600000000000 86.488605000000
 1985:11  86.150000000000 37.900000000000 86.780886000000
 1985:12  85.250000000000 39.500000000000 86.993454000000
 1986:01  86.070000000000 38.650000000000 87.259164000000
 1986:02  86.320000000000 39.700000000000 87.020025000000
 1986:03  86.310000000000 38.200000000000 86.621460000000
 1986:04  86.520000000000 38.750000000000 86.435463000000
 1986:05  86.630000000000 39.400000000000 86.701173000000
 1986:06  86.850000000000 39.150000000000 87.126309000000
 1986:07  86.630000000000 38.100000000000 87.152880000000
 1986:08  87.120000000000 37.500000000000 87.312306000000
 1986:09  89.310000000000 37.200000000000 87.737442000000
 1986:10  89.130000000000 39.400000000000 87.817155000000
 1986:11  87.880000000000 40.600000000000 87.896868000000
 1986:12  87.500000000000 38.500000000000 87.976581000000
 1987:01  87.270000000000 36.350000000000 88.508001000000
 1987:02  87.100000000000 34.000000000000 88.853424000000
 1987:03  86.400000000000 32.750000000000 89.251989000000
 1987:04  86.720000000000 34.350000000000 89.730267000000
 1987:05  86.730000000000 31.350000000000 89.995977000000
 1987:06  86.790000000000 33.250000000000 90.367971000000
 1987:07  87.800000000000 32.450000000000 90.553968000000
 1987:08  88.510000000000 31.500000000000 91.058817000000
 1987:09  88.830000000000 31.900000000000 91.510524000000
 1987:10  88.020000000000 30.200000000000 91.749663000000
 1987:11  88.280000000000 29.800000000000 91.882518000000
 1987:12  89.190000000000 29.550000000000 91.855947000000
 1988:01  87.750000000000 30.400000000000 92.121657000000
 1988:02  87.410000000000 30.700000000000 92.307654000000
 1988:03  86.910000000000 30.800000000000 92.732790000000
 1988:04  87.010000000000 30.900000000000 93.211068000000
 1988:05  88.010000000000 31.100000000000 93.529920000000
 1988:06  88.560000000000 30.850000000000 93.928485000000
 1988:07  88.540000000000 29.750000000000 94.300479000000
 1988:08  89.790000000000 29.000000000000 94.752186000000
 1988:09  90.060000000000 31.100000000000 95.363319000000
 1988:10  90.720000000000 29.050000000000 95.682171000000
 1988:11  90.260000000000 28.550000000000 95.788455000000
 1988:12  90.180000000000 29.500000000000 95.894739000000
 1989:01  90.180000000000 28.800000000000 96.373017000000
 1989:02  90.960000000000 28.300000000000 96.745011000000
 1989:03  91.200000000000 27.600000000000 97.303002000000
 1989:04  91.990000000000 26.800000000000 97.993848000000
 1989:05  92.680000000000 26.500000000000 98.525268000000
 1989:06  92.440000000000 25.850000000000 98.764407000000
