 ENTRY         LNKCPI            LNKEX           USCPI
 1958:01  10.536200000000  6.150000000000 21.853500000000
 1958:02  10.469480000000  6.100000000000 21.879000000000
 1958:03  10.363840000000  6.150000000000 22.032000000000
 1958:04  10.363840000000  6.200000000000 22.083000000000
 1958:05  10.430560000000  6.150000000000 22.083000000000
 1958:06  10.363840000000  6.250000000000 22.108500000000
 1958:07  10.219280000000  6.600000000000 22.134000000000
 1958:08  10.324920000000  6.450000000000 22.108500000000
 1958:09  10.363840000000  6.180000000000 22.108500000000
 1958:10  10.502840000000  6.290000000000 22.108500000000
 1958:11  10.469480000000  6.540000000000 22.134000000000
 1958:12  10.469480000000  6.250000000000 22.108500000000
 1959:01  10.402760000000  6.280000000000 22.134000000000
 1959:02  10.252640000000  6.440000000000 22.108500000000
 1959:03  10.341600000000  6.530000000000 22.108500000000
 1959:04  10.480600000000  6.670000000000 22.134000000000
 1959:05  10.441680000000  6.750000000000 22.159500000000
 1959:06  10.519520000000  6.250000000000 22.261500000000
 1959:07  10.463920000000  5.900000000000 22.312500000000
 1959:08  10.374960000000  6.190000000000 22.287000000000
 1959:09  10.341600000000  6.350000000000 22.363500000000
 1959:10  10.441680000000  6.190000000000 22.440000000000
 1959:11  10.530640000000  6.250000000000 22.440000000000
 1959:12  10.469480000000  6.660000000000 22.440000000000
 1960:01  10.441680000000  6.710000000000 22.414500000000
 1960:02  10.430560000000  6.350000000000 22.440000000000
 1960:03  10.463920000000  6.500000000000 22.440000000000
 1960:04  10.302680000000  6.870000000000 22.567500000000
 1960:05  10.241520000000  6.920000000000 22.567500000000
 1960:06  10.152560000000  6.900000000000 22.618500000000
 1960:07  10.024680000000  6.710000000000 22.618500000000
 1960:08   9.974640000000  6.620000000000 22.618500000000
 1960:09  10.163680000000  6.620000000000 22.644000000000
 1960:10  10.224840000000  6.620000000000 22.746000000000
 1960:11  10.391640000000  6.760000000000 22.771500000000
 1960:12  10.313800000000  6.800000000000 22.771500000000
 1961:01  10.313800000000  6.710000000000 22.771500000000
 1961:02  10.291560000000  6.780000000000 22.771500000000
 1961:03  10.235960000000  6.820000000000 22.771500000000
 1961:04  10.291560000000  6.690000000000 22.771500000000
 1961:05  10.302680000000  6.470000000000 22.771500000000
 1961:06  10.352720000000  6.370000000000 22.797000000000
 1961:07  10.352720000000  6.470000000000 22.899000000000
 1961:08  10.441680000000  6.410000000000 22.873500000000
 1961:09  10.441680000000  6.370000000000 22.924500000000
 1961:10  10.491720000000  8.100000000000 22.924500000000
 1961:11  10.491720000000  8.060000000000 22.924500000000
 1961:12  10.519520000000  8.110000000000 22.924500000000
 1962:01  10.452800000000  8.370000000000 22.924500000000
 1962:02  10.491720000000  8.420000000000 22.975500000000
 1962:03  10.519520000000  8.510000000000 23.026500000000
 1962:04  10.530640000000  8.350000000000 23.077500000000
 1962:05  10.552880000000  9.920000000000 23.077500000000
 1962:06  10.558440000000  9.910000000000 23.077500000000
 1962:07  10.541760000000  9.250000000000 23.128500000000
 1962:08  10.519520000000  9.750000000000 23.128500000000
 1962:09  10.519520000000 10.850000000000 23.256000000000
 1962:10  10.552880000000  9.670000000000 23.230500000000
 1962:11  10.619600000000 10.000000000000 23.230500000000
 1962:12  10.541760000000  9.600000000000 23.205000000000
 1963:01  10.608480000000  9.480000000000 23.230500000000
 1963:02  10.680760000000  9.150000000000 23.256000000000
 1963:03  10.697440000000  9.100000000000 23.281500000000
 1963:04  10.808640000000  9.000000000000 23.281500000000
 1963:05  10.808640000000  9.150000000000 23.281500000000
 1963:06  10.819760000000  9.000000000000 23.383500000000
 1963:07  10.825320000000  8.750000000000 23.485500000000
 1963:08  10.697440000000  9.000000000000 23.485500000000
 1963:09  10.697440000000  9.750000000000 23.485500000000
 1963:10  10.819760000000  9.850000000000 23.511000000000
 1963:11  10.875360000000 11.050000000000 23.536500000000
 1963:12  10.925400000000 11.250000000000 23.587500000000
 1964:01  11.014360000000 11.750000000000 23.613000000000
 1964:02  11.047720000000 11.850000000000 23.587500000000
 1964:03  11.036600000000 12.000000000000 23.613000000000
 1964:04  11.103320000000 11.500000000000 23.638500000000
 1964:05  11.164480000000 11.850000000000 23.638500000000
 1964:06  11.175600000000 11.000000000000 23.689500000000
 1964:07  11.136680000000 11.300000000000 23.740500000000
 1964:08  11.097760000000 12.200000000000 23.715000000000
 1964:09  11.103320000000 12.500000000000 23.766000000000
 1964:10  11.175600000000 12.350000000000 23.791500000000
 1964:11  11.214520000000 12.750000000000 23.842500000000
 1964:12  11.136680000000 12.500000000000 23.868000000000
 1965:01  11.142240000000 15.350000000000 23.868000000000
 1965:02  11.125560000000 15.400000000000 23.868000000000
 1965:03  11.164480000000 15.000000000000 23.893500000000
 1965:04  11.125560000000 12.000000000000 23.970000000000
 1965:05  11.164480000000 12.000000000000 24.021000000000
 1965:06  11.142240000000 12.250000000000 24.148500000000
 1965:07  11.192280000000 12.250000000000 24.174000000000
 1965:08  11.136680000000 11.250000000000 24.123000000000
 1965:09  11.097760000000 11.350000000000 24.174000000000
 1965:10  11.103320000000 11.500000000000 24.199500000000
 1965:11  11.142240000000 12.000000000000 24.250500000000
 1965:12  11.153360000000 11.500000000000 24.327000000000
 1966:01  11.186720000000 11.600000000000 24.327000000000
 1966:02  11.186720000000 10.850000000000 24.480000000000
 1966:03  11.142240000000 12.000000000000 24.556500000000
 1966:04  11.142240000000 12.600000000000 24.658500000000
 1966:05  11.114440000000 12.000000000000 24.684000000000
 1966:06  11.097760000000 13.250000000000 24.760500000000
 1966:07  11.053280000000 12.250000000000 24.837000000000
 1966:08  11.075520000000 13.850000000000 24.964500000000
 1966:09  11.086640000000 12.900000000000 25.015500000000
 1966:10  11.125560000000 14.000000000000 25.117500000000
 1966:11  11.125560000000 13.350000000000 25.117500000000
 1966:12  11.153360000000 13.000000000000 25.143000000000
 1967:01  11.236760000000 13.600000000000 25.143000000000
 1967:02  11.236760000000 13.350000000000 25.168500000000
 1967:03  11.175600000000 13.350000000000 25.219500000000
 1967:04  11.214520000000 13.350000000000 25.270500000000
 1967:05  11.275680000000 13.300000000000 25.347000000000
 1967:06  11.353520000000 13.250000000000 25.423500000000
 1967:07  11.303480000000 14.000000000000 25.551000000000
 1967:08  11.414680000000 13.000000000000 25.627500000000
 1967:09  11.431360000000 12.750000000000 25.678500000000
 1967:10  11.442480000000 12.000000000000 25.755000000000
 1967:11  11.520320000000 13.000000000000 25.831500000000
 1967:12  11.820560000000 14.150000000000 25.908000000000
 1968:01  11.809440000000 12.500000000000 26.010000000000
 1968:02  11.770520000000 11.750000000000 26.086500000000
 1968:03  11.770520000000 11.600000000000 26.214000000000
 1968:04  11.781640000000 11.750000000000 26.290500000000
 1968:05  11.809440000000 11.400000000000 26.367000000000
 1968:06  11.915080000000 11.450000000000 26.520000000000
 1968:07  12.037400000000 11.600000000000 26.647500000000
 1968:08  12.115240000000 11.550000000000 26.724000000000
 1968:09  12.176400000000 11.500000000000 26.800500000000
 1968:10  12.204200000000 11.400000000000 26.953500000000
 1968:11  12.404360000000 11.600000000000 27.055500000000
 1968:12  12.621200000000 11.350000000000 27.132000000000
 1969:01  12.660120000000 11.360000000000 27.208500000000
 1969:02  12.632320000000 11.150000000000 27.310500000000
 1969:03  12.660120000000 11.050000000000 27.540000000000
 1969:04  12.826920000000 11.500000000000 27.718500000000
 1969:05  12.849160000000 11.000000000000 27.795000000000
 1969:06  12.915880000000 10.850000000000 27.973500000000
 1969:07  12.821360000000 10.800000000000 28.101000000000
 1969:08  12.927000000000 10.900000000000 28.228500000000
 1969:09  13.004840000000 11.700000000000 28.356000000000
 1969:10  13.205000000000 11.800000000000 28.458000000000
 1969:11  13.332880000000 11.900000000000 28.611000000000
 1969:12  13.332880000000 12.000000000000 28.789500000000
 1970:01  13.610880000000 11.850000000000 28.891500000000
 1970:02  13.594200000000 12.300000000000 29.044500000000
 1970:03  13.610880000000 12.150000000000 29.197500000000
 1970:04  13.699840000000 12.200000000000 29.376000000000
 1970:05  13.733200000000 12.600000000000 29.503500000000
 1970:06  13.733200000000 12.150000000000 29.656500000000
 1970:07  13.599760000000 13.250000000000 29.758500000000
 1970:08  13.622000000000 13.000000000000 29.809500000000
 1970:09  13.738760000000 14.000000000000 29.962500000000
 1970:10  13.738760000000 15.500000000000 30.115500000000
 1970:11  13.799920000000 15.500000000000 30.217500000000
 1970:12  13.799920000000 15.200000000000 30.370500000000
 1971:01  13.811040000000 17.250000000000 30.396000000000
 1971:02  13.722080000000 17.200000000000 30.447000000000
 1971:03  13.799920000000 17.250000000000 30.549000000000
 1971:04  13.861080000000 19.000000000000 30.651000000000
 1971:05  13.888880000000 18.000000000000 30.804000000000
 1971:06  13.977840000000 17.000000000000 30.982500000000
 1971:07  13.961160000000 16.000000000000 31.059000000000
 1971:08  13.977840000000 15.000000000000 31.135500000000
 1971:09  14.116840000000 15.850000000000 31.161000000000
 1971:10  14.305880000000 15.500000000000 31.212000000000
 1971:11  14.622800000000 16.500000000000 31.263000000000
 1971:12  14.622800000000 18.500000000000 31.390500000000
 1972:01  14.683960000000 16.500000000000 31.416000000000
 1972:02  14.661720000000 16.000000000000 31.569000000000
 1972:03  14.661720000000 15.900000000000 31.620000000000
 1972:04  14.772920000000 15.900000000000 31.696500000000
 1972:05  14.867440000000 15.850000000000 31.798500000000
 1972:06  15.017560000000 16.400000000000 31.875000000000
 1972:07  15.045360000000 15.500000000000 32.002500000000
 1972:08  15.067600000000 15.000000000000 32.053500000000
 1972:09  15.106520000000 15.100000000000 32.181000000000
 1972:10  15.106520000000 14.000000000000 32.283000000000
 1972:11  15.167680000000 14.100000000000 32.359500000000
 1972:12  15.206600000000 14.400000000000 32.461500000000
 1973:01  15.551320000000 14.200000000000 32.563500000000
 1973:02  15.640280000000 13.000000000000 32.793000000000
 1973:03  15.684760000000 12.800000000000 33.099000000000
 1973:04  15.773720000000 12.850000000000 33.328500000000
 1973:05  15.862680000000 11.900000000000 33.532500000000
 1973:06  16.318600000000 11.000000000000 33.762000000000
 1973:07  16.407560000000 10.650000000000 33.838500000000
 1973:08  16.691120000000 10.950000000000 34.450500000000
 1973:09  16.780080000000 10.850000000000 34.552500000000
 1973:10  17.224880000000 11.200000000000 34.833000000000
 1973:11  17.308280000000 11.300000000000 35.088000000000
 1973:12  17.397240000000 11.250000000000 35.317500000000
 1974:01  17.514000000000 10.750000000000 35.623500000000
 1974:02  17.691920000000 10.650000000000 36.082500000000
 1974:03  17.780880000000 10.600000000000 36.490500000000
 1974:04  18.008840000000 10.650000000000 36.694500000000
 1974:05  18.097800000000 10.600000000000 37.102500000000
 1974:06  18.197880000000 10.550000000000 37.459500000000
 1974:07  18.286840000000 10.650000000000 37.740000000000
 1974:08  18.815040000000 10.650000000000 38.224500000000
 1974:09  18.959600000000 10.600000000000 38.683500000000
 1974:10  19.059680000000 10.600000000000 39.015000000000
 1974:11  19.148640000000 11.000000000000 39.346500000000
 1974:12  19.259840000000 12.100000000000 39.627000000000
 1975:01  19.348800000000 11.650000000000 39.805500000000
 1975:02  19.465560000000 11.450000000000 40.086000000000
 1975:03  19.554520000000 16.100000000000 40.239000000000
 1975:04  19.587880000000 16.350000000000 40.443000000000
 1975:05  19.615680000000 14.350000000000 40.621500000000
 1975:06  19.676840000000 14.550000000000 40.953000000000
 1975:07  19.704640000000 14.750000000000 41.386500000000
 1975:08  19.732440000000 14.800000000000 41.514000000000
 1975:09  19.765800000000 14.850000000000 41.718000000000
 1975:10  19.804720000000 14.750000000000 41.973000000000
 1975:11  19.732440000000 14.750000000000 42.228000000000
 1975:12  19.476680000000 14.800000000000 42.406500000000
 1976:01  15.100960000000 14.650000000000 42.508500000000
 1976:02  15.245520000000 14.650000000000 42.610500000000
 1976:03  15.467920000000 14.450000000000 42.712500000000
 1976:04  15.523520000000 14.450000000000 42.891000000000
 1976:05  15.923840000000 14.350000000000 43.146000000000
 1976:06  16.140680000000 14.500000000000 43.375500000000
 1976:07  16.574360000000 14.400000000000 43.630500000000
 1976:08  16.896840000000 14.400000000000 43.834500000000
 1976:09  17.452840000000 14.300000000000 44.013000000000
 1976:10  17.669680000000 14.250000000000 44.191500000000
 1976:11  17.786440000000 13.850000000000 44.319000000000
 1976:12  18.120040000000 13.800000000000 44.446500000000
 1977:01  19.165320000000 13.650000000000 44.701500000000
 1977:02  19.560080000000 13.650000000000 45.160500000000
 1977:03  20.282880000000 13.600000000000 45.441000000000
 1977:04  22.445720000000 13.650000000000 45.798000000000
 1977:05  19.148640000000 13.700000000000 46.053000000000
 1977:06  18.648240000000 13.750000000000 46.359000000000
 1977:07  18.392480000000 13.600000000000 46.563000000000
 1977:08  18.620440000000 13.650000000000 46.741500000000
 1977:09  19.415520000000 14.200000000000 46.920000000000
 1977:10  19.893680000000 14.200000000000 47.047500000000
 1977:11  21.528320000000 16.900000000000 47.277000000000
 1977:12  22.323400000000 17.750000000000 47.455500000000
 1978:01  22.534680000000 17.700000000000 47.736000000000
 1978:02  22.896080000000 20.350000000000 48.042000000000
 1978:03  23.085120000000 20.400000000000 48.399000000000
 1978:04  22.262240000000 20.500000000000 48.832500000000
 1978:05  22.223320000000 20.650000000000 49.291500000000
 1978:06  22.495760000000 20.600000000000 49.801500000000
 1978:07  22.662560000000 20.600000000000 50.158500000000
 1978:08  22.951680000000 20.850000000000 50.439000000000
 1978:09  23.235240000000 21.100000000000 50.821500000000
 1978:10  23.852400000000 20.950000000000 51.229500000000
 1978:11  24.669720000000 21.250000000000 51.510000000000
 1978:12  24.319440000000 21.250000000000 51.739500000000
 1979:01  24.419520000000 21.000000000000 52.198500000000
 1979:02  23.869080000000 21.200000000000 52.810500000000
 1979:03  23.846840000000 21.950000000000 53.320500000000
 1979:04  23.607760000000 22.850000000000 53.932500000000
 1979:05  23.435400000000 22.350000000000 54.595500000000
 1979:06  23.074000000000 22.550000000000 55.233000000000
 1979:07  25.047800000000 22.900000000000 55.819500000000
 1979:08  25.842880000000 22.550000000000 56.380500000000
 1979:09  27.071640000000 22.150000000000 56.967000000000
 1979:10  27.121680000000 22.200000000000 57.477000000000
 1979:11  27.955680000000 22.150000000000 58.012500000000
 1979:12  28.278160000000 21.750000000000 58.624500000000
 1980:01  29.873880000000 21.250000000000 59.466000000000
 1980:02  32.159040000000 22.100000000000 60.282000000000
 1980:03  32.214640000000 22.400000000000 61.149000000000
 1980:04  32.053400000000 22.000000000000 61.837500000000
 1980:05  31.919960000000 21.750000000000 62.449500000000
 1980:06  31.936640000000 21.850000000000 63.138000000000
 1980:07  33.454520000000 21.800000000000 63.189000000000
 1980:08  34.577640000000 21.900000000000 63.597000000000
 1980:09  35.723000000000 22.150000000000 64.183500000000
 1980:10  36.784960000000 22.300000000000 64.744500000000
 1980:11  38.069320000000 22.600000000000 65.331000000000
 1980:12  37.335400000000 19.600000000000 65.892000000000
 1981:01  37.846920000000 20.000000000000 66.427500000000
 1981:02  39.665040000000 20.450000000000 67.116000000000
 1981:03  39.131280000000 19.000000000000 67.600500000000
 1981:04  39.248040000000 22.600000000000 68.034000000000
 1981:05  39.631680000000 21.000000000000 68.595000000000
 1981:06  39.498240000000 21.350000000000 69.181500000000
 1981:07  38.942240000000 22.000000000000 69.972000000000
 1981:08  38.703160000000 22.750000000000 70.507500000000
 1981:09  39.031200000000 23.550000000000 71.221500000000
 1981:10  39.576080000000 22.850000000000 71.374500000000
 1981:11  41.060600000000 21.600000000000 71.578500000000
 1981:12  42.711920000000 21.750000000000 71.782500000000
 1982:01  42.817560000000 21.800000000000 72.037500000000
 1982:02  41.783400000000 22.200000000000 72.267000000000
 1982:03  41.093960000000 21.150000000000 72.190500000000
 1982:04  41.566560000000 21.100000000000 72.496500000000
 1982:05  40.326680000000 20.600000000000 73.210500000000
 1982:06  40.254400000000 21.450000000000 74.103000000000
 1982:07  41.638840000000 24.150000000000 74.511000000000
 1982:08  41.933520000000 24.800000000000 74.664000000000
 1982:09  42.711920000000 25.400000000000 74.791500000000
 1982:10  41.800080000000 28.000000000000 74.995500000000
 1982:11  42.333840000000 26.500000000000 74.868000000000
 1982:12  42.978800000000 23.550000000000 74.562000000000
 1983:01  44.157520000000 23.950000000000 74.740500000000
 1983:02  45.897800000000 25.500000000000 74.766000000000
 1983:03  49.261600000000 27.400000000000 74.817000000000
 1983:04  49.333880000000 28.000000000000 75.352500000000
 1983:05  50.646040000000 29.000000000000 75.760500000000
 1983:06  51.190920000000 28.600000000000 76.015500000000
 1983:07  50.573760000000 29.300000000000 76.321500000000
 1983:08  52.920080000000 30.500000000000 76.576500000000
 1983:09  53.904200000000 34.000000000000 76.959000000000
 1983:10  56.189360000000 34.600000000000 77.163000000000
 1983:11  60.731880000000 34.650000000000 77.290500000000
 1983:12  61.688200000000 34.600000000000 77.392500000000
 1984:01  66.998000000000 34.700000000000 77.826000000000
 1984:02  69.149720000000 34.500000000000 78.183000000000
 1984:03  66.631040000000 34.750000000000 78.361500000000
 1984:04  66.864560000000 34.750000000000 78.744000000000
 1984:05  65.552400000000 34.650000000000 78.973500000000
 1984:06  63.561920000000 34.700000000000 79.228500000000
 1984:07  63.078200000000 34.750000000000 79.483500000000
 1984:08  62.650080000000 34.800000000000 79.815000000000
 1984:09  65.980520000000 34.800000000000 80.197500000000
 1984:10  65.452320000000 34.650000000000 80.401500000000
 1984:11  65.835960000000 34.700000000000 80.401500000000
 1984:12  64.990840000000 34.750000000000 80.452500000000
 1985:01  63.667560000000 34.800000000000 80.605500000000
 1985:02  60.837520000000 32.400000000000 80.937000000000
 1985:03  58.224320000000 31.700000000000 81.294000000000
 1985:04  58.079760000000 32.000000000000 81.625500000000
 1985:05  56.689760000000 32.500000000000 81.931500000000
 1985:06  53.831920000000 32.250000000000 82.186500000000
 1985:07  53.759640000000 30.000000000000 82.314000000000
 1985:08  52.241760000000 31.050000000000 82.492500000000
 1985:09  52.019360000000 29.950000000000 82.747500000000
 1985:10  51.947080000000 27.500000000000 83.002500000000
 1985:11  52.742160000000 28.000000000000 83.283000000000
 1985:12  53.170280000000 33.000000000000 83.487000000000
 1986:01  53.431600000000 31.000000000000 83.742000000000
 1986:02  53.876400000000 29.750000000000 83.512500000000
 1986:03  52.797760000000 30.000000000000 83.130000000000
 1986:04  52.753280000000 29.000000000000 82.951500000000
 1986:05  51.691320000000 27.500000000000 83.206500000000
 1986:06  51.813640000000 25.700000000000 83.614500000000
 1986:07  51.885920000000 26.600000000000 83.640000000000
 1986:08  53.314840000000 26.200000000000 83.793000000000
 1986:09  52.447480000000 26.500000000000 84.201000000000
 1986:10  54.804920000000 27.150000000000 84.277500000000
 1986:11  58.758080000000 28.000000000000 84.354000000000
 1986:12  59.909000000000 29.250000000000 84.430500000000
 1987:01  60.053560000000 30.000000000000 84.940500000000
 1987:02  59.052760000000 30.750000000000 85.272000000000
 1987:03  59.125040000000 31.500000000000 85.654500000000
 1987:04  58.535680000000 31.000000000000 86.113500000000
 1987:05  58.135360000000 30.000000000000 86.368500000000
 1987:06  59.820040000000 33.000000000000 86.725500000000
 1987:07  61.438000000000 31.500000000000 86.904000000000
 1987:08  62.355400000000 31.000000000000 87.388500000000
 1987:09  61.187800000000 31.500000000000 87.822000000000
 1987:10  62.561120000000 31.250000000000 88.051500000000
 1987:11  64.195760000000 31.750000000000 88.179000000000
 1987:12  67.693000000000 31.500000000000 88.153500000000
 1988:01  72.702560000000 32.000000000000 88.408500000000
 1988:02  71.184680000000 32.500000000000 88.587000000000
 1988:03  70.656480000000 33.000000000000 88.995000000000
 1988:04  71.229160000000 32.750000000000 89.454000000000
 1988:05  72.424560000000 33.000000000000 89.760000000000
 1988:06  72.396760000000 33.250000000000 90.142500000000
 1988:07  70.906680000000 34.000000000000 90.499500000000
 1988:08  72.102080000000 34.250000000000 90.933000000000
 1988:09  73.764520000000 37.500000000000 91.519500000000
 1988:10  71.762920000000 38.100000000000 91.825500000000
 1988:11  71.451560000000 40.000000000000 91.927500000000
 1988:12  74.014720000000 45.000000000000 92.029500000000
 1989:01  73.030600000000 42.500000000000 92.488500000000
 1989:02  72.763720000000 41.600000000000 92.845500000000
 1989:03  72.763720000000 44.150000000000 93.381000000000
 1989:04  72.469040000000 45.000000000000 94.044000000000
 1989:05  75.888440000000 46.000000000000 94.554000000000
 1989:06  76.627920000000 44.800000000000 94.783500000000
