 ENTRY        THICPI           THIEX          USCPI
 1958:01  19.633176900000 21.100000000000 21.853500000000
 1958:02  20.479434525000 21.350000000000 21.879000000000
 1958:03  20.310183000000 21.100000000000 22.032000000000
 1958:04  20.648686050000 21.850000000000 22.083000000000
 1958:05  20.648686050000 21.650000000000 22.083000000000
 1958:06  20.987189100000 21.750000000000 22.108500000000
 1958:07  23.018207400000 21.800000000000 22.134000000000
 1958:08  22.848955875000 21.900000000000 22.108500000000
 1958:09  20.987189100000 21.850000000000 22.108500000000
 1958:10  21.156440625000 21.450000000000 22.108500000000
 1958:11  19.971679950000 21.600000000000 22.134000000000
 1958:12  20.310183000000 21.550000000000 22.108500000000
 1959:01  19.802428425000 21.500000000000 22.134000000000
 1959:02  20.140931475000 21.650000000000 22.108500000000
 1959:03  20.987189100000 21.600000000000 22.108500000000
 1959:04  21.156440625000 21.700000000000 22.134000000000
 1959:05  20.987189100000 21.800000000000 22.159500000000
 1959:06  20.479434525000 21.760000000000 22.261500000000
 1959:07  20.140931475000 21.950000000000 22.312500000000
 1959:08  20.140931475000 21.750000000000 22.287000000000
 1959:09  19.802428425000 22.050000000000 22.363500000000
 1959:10  19.463925375000 22.000000000000 22.440000000000
 1959:11  19.125422325000 21.900000000000 22.440000000000
 1959:12  19.463925375000 21.950000000000 22.440000000000
 1960:01  20.140931475000 21.900000000000 22.414500000000
 1960:02  19.802428425000 21.950000000000 22.440000000000
 1960:03  18.786919275000 21.120000000000 22.440000000000
 1960:04  18.786919275000 22.220000000000 22.567500000000
 1960:05  19.971679950000 22.250000000000 22.567500000000
 1960:06  19.125422325000 22.270000000000 22.618500000000
 1960:07  19.971679950000 21.900000000000 22.618500000000
 1960:08  20.817937575000 21.670000000000 22.618500000000
 1960:09  20.648686050000 21.800000000000 22.644000000000
 1960:10  20.817937575000 21.250000000000 22.746000000000
 1960:11  19.802428425000 21.700000000000 22.771500000000
 1960:12  20.648686050000 21.850000000000 22.771500000000
 1961:01  20.648686050000 21.950000000000 22.771500000000
 1961:02  20.817937575000 21.850000000000 22.771500000000
 1961:03  21.325692150000 22.300000000000 22.771500000000
 1961:04  21.664195200000 21.820000000000 22.771500000000
 1961:05  21.325692150000 21.050000000000 22.771500000000
 1961:06  21.156440625000 21.700000000000 22.797000000000
 1961:07  20.648686050000 21.550000000000 22.899000000000
 1961:08  20.987189100000 21.300000000000 22.873500000000
 1961:09  21.833446725000 21.200000000000 22.924500000000
 1961:10  21.494943675000 21.300000000000 22.924500000000
 1961:11  22.002698250000 21.290000000000 22.924500000000
 1961:12  22.510452825000 21.300000000000 22.924500000000
 1962:01  21.833446725000 21.250000000000 22.924500000000
 1962:02  21.664195200000 21.320000000000 22.975500000000
 1962:03  21.494943675000 21.370000000000 23.026500000000
 1962:04  21.940012500000 21.800000000000 23.077500000000
 1962:05  22.357917500000 21.780000000000 23.077500000000
 1962:06  22.148965000000 21.650000000000 23.077500000000
 1962:07  21.940012500000 21.450000000000 23.128500000000
 1962:08  22.566870000000 21.450000000000 23.128500000000
 1962:09  22.566870000000 21.500000000000 23.256000000000
 1962:10  22.357917500000 21.450000000000 23.230500000000
 1962:11  21.940012500000 21.500000000000 23.230500000000
 1962:12  21.940012500000 21.200000000000 23.205000000000
 1963:01  21.940012500000 21.250000000000 23.230500000000
 1963:02  21.731060000000 21.350000000000 23.256000000000
 1963:03  22.566870000000 21.200000000000 23.281500000000
 1963:04  22.148965000000 21.050000000000 23.281500000000
 1963:05  22.357917500000 21.150000000000 23.281500000000
 1963:06  22.357917500000 21.200000000000 23.383500000000
 1963:07  21.522107500000 21.400000000000 23.485500000000
 1963:08  21.731060000000 21.300000000000 23.485500000000
 1963:09  22.148965000000 21.450000000000 23.485500000000
 1963:10  22.148965000000 21.400000000000 23.511000000000
 1963:11  22.148965000000 21.000000000000 23.536500000000
 1963:12  21.731060000000 21.800000000000 23.587500000000
 1964:01  21.522107500000 21.750000000000 23.613000000000
 1964:02  21.940012500000 21.700000000000 23.587500000000
 1964:03  21.940012500000 22.000000000000 23.613000000000
 1964:04  21.731060000000 22.000000000000 23.638500000000
 1964:05  21.940012500000 22.100000000000 23.638500000000
 1964:06  22.148965000000 21.700000000000 23.689500000000
 1964:07  22.148965000000 21.740000000000 23.740500000000
 1964:08  21.940012500000 20.350000000000 23.715000000000
 1964:09  21.522107500000 20.400000000000 23.766000000000
 1964:10  21.731060000000 20.650000000000 23.791500000000
 1964:11  21.731060000000 20.600000000000 23.842500000000
 1964:12  21.522107500000 20.650000000000 23.868000000000
 1965:01  21.313155000000 20.600000000000 23.868000000000
 1965:02  21.522107500000 20.650000000000 23.868000000000
 1965:03  21.731060000000 20.500000000000 23.893500000000
 1965:04  22.148965000000 20.400000000000 23.970000000000
 1965:05  22.148965000000 20.500000000000 24.021000000000
 1965:06  21.731060000000 20.600000000000 24.148500000000
 1965:07  21.522107500000 20.550000000000 24.174000000000
 1965:08  21.522107500000 20.600000000000 24.123000000000
 1965:09  22.148965000000 20.950000000000 24.174000000000
 1965:10  21.940012500000 21.250000000000 24.199500000000
 1965:11  21.731060000000 21.300000000000 24.250500000000
 1965:12  21.522107500000 20.800000000000 24.327000000000
 1966:01  21.731060000000 20.750000000000 24.327000000000
 1966:02  21.731060000000 20.900000000000 24.480000000000
 1966:03  21.940012500000 20.700000000000 24.556500000000
 1966:04  21.940012500000 20.650000000000 24.658500000000
 1966:05  22.148965000000 20.650000000000 24.684000000000
 1966:06  22.148965000000 20.650000000000 24.760500000000
 1966:07  21.940012500000 20.700000000000 24.837000000000
 1966:08  22.357917500000 20.800000000000 24.964500000000
 1966:09  22.357917500000 20.600000000000 25.015500000000
 1966:10  22.357917500000 20.550000000000 25.117500000000
 1966:11  22.566870000000 20.400000000000 25.117500000000
 1966:12  22.566870000000 20.400000000000 25.143000000000
 1967:01  22.984775000000 20.800000000000 25.143000000000
 1967:02  22.775822500000 20.750000000000 25.168500000000
 1967:03  22.775822500000 20.700000000000 25.219500000000
 1967:04  22.775822500000 20.850000000000 25.270500000000
 1967:05  22.984775000000 21.300000000000 25.347000000000
 1967:06  22.984775000000 21.100000000000 25.423500000000
 1967:07  22.984775000000 21.150000000000 25.551000000000
 1967:08  22.984775000000 20.850000000000 25.627500000000
 1967:09  23.193727500000 20.750000000000 25.678500000000
 1967:10  23.402680000000 20.750000000000 25.755000000000
 1967:11  23.402680000000 21.200000000000 25.831500000000
 1967:12  23.193727500000 20.850000000000 25.908000000000
 1968:01  22.984775000000 20.350000000000 26.010000000000
 1968:02  23.193727500000 20.370000000000 26.086500000000
 1968:03  24.854350000000 20.360000000000 26.214000000000
 1968:04  24.634400000000 20.800000000000 26.290500000000
 1968:05  25.294250000000 20.950000000000 26.367000000000
 1968:06  25.294250000000 21.000000000000 26.520000000000
 1968:07  25.074300000000 20.980000000000 26.647500000000
 1968:08  24.854350000000 20.850000000000 26.724000000000
 1968:09  24.854350000000 20.750000000000 26.800500000000
 1968:10  25.074300000000 20.750000000000 26.953500000000
 1968:11  25.074300000000 21.200000000000 27.055500000000
 1968:12  24.854350000000 21.400000000000 27.132000000000
 1969:01  25.074300000000 21.050000000000 27.208500000000
 1969:02  25.074300000000 20.950000000000 27.310500000000
 1969:03  25.074300000000 20.750000000000 27.540000000000
 1969:04  25.294250000000 20.750000000000 27.718500000000
 1969:05  25.514200000000 20.850000000000 27.795000000000
 1969:06  25.514200000000 20.950000000000 27.973500000000
 1969:07  25.514200000000 20.950000000000 28.101000000000
 1969:08  25.514200000000 21.150000000000 28.228500000000
 1969:09  25.734150000000 21.750000000000 28.356000000000
 1969:10  25.734150000000 21.300000000000 28.458000000000
 1969:11  25.734150000000 21.000000000000 28.611000000000
 1969:12  25.514200000000 20.750000000000 28.789500000000
 1970:01  25.294250000000 20.850000000000 28.891500000000
 1970:02  25.734150000000 20.900000000000 29.044500000000
 1970:03  25.514200000000 20.750000000000 29.197500000000
 1970:04  25.514200000000 20.800000000000 29.376000000000
 1970:05  25.668165000000 20.850000000000 29.503500000000
 1970:06  25.712155000000 20.850000000000 29.656500000000
 1970:07  25.668165000000 20.550000000000 29.758500000000
 1970:08  25.646170000000 20.350000000000 29.809500000000
 1970:09  25.712155000000 20.950000000000 29.962500000000
 1970:10  25.954100000000 20.900000000000 30.115500000000
 1970:11  25.734150000000 20.850000000000 30.217500000000
 1970:12  25.778140000000 20.750000000000 30.370500000000
 1971:01  25.888115000000 20.700000000000 30.396000000000
 1971:02  25.778140000000 20.400000000000 30.447000000000
 1971:03  25.778140000000 20.500000000000 30.549000000000
 1971:04  25.822130000000 21.300000000000 30.651000000000
 1971:05  25.866120000000 21.100000000000 30.804000000000
 1971:06  26.152055000000 21.050000000000 30.982500000000
 1971:07  26.196045000000 20.600000000000 31.059000000000
 1971:08  26.328015000000 21.550000000000 31.135500000000
 1971:09  26.723925000000 20.600000000000 31.161000000000
 1971:10  26.745920000000 20.500000000000 31.212000000000
 1971:11  26.591955000000 20.700000000000 31.263000000000
 1971:12  26.328015000000 21.300000000000 31.390500000000
 1972:01  26.100000000000 20.800000000000 31.416000000000
 1972:02  26.200000000000 20.700000000000 31.569000000000
 1972:03  26.400000000000 20.200000000000 31.620000000000
 1972:04  26.500000000000 20.950000000000 31.696500000000
 1972:05  26.700000000000 20.950000000000 31.798500000000
 1972:06  26.800000000000 22.150000000000 31.875000000000
 1972:07  26.900000000000 21.200000000000 32.002500000000
 1972:08  27.200000000000 20.850000000000 32.053500000000
 1972:09  27.400000000000 20.700000000000 32.181000000000
 1972:10  27.800000000000 20.700000000000 32.283000000000
 1972:11  28.000000000000 20.650000000000 32.359500000000
 1972:12  28.200000000000 20.750000000000 32.461500000000
 1973:01  28.600000000000 20.700000000000 32.563500000000
 1973:02  29.100000000000 20.000000000000 32.793000000000
 1973:03  29.900000000000 20.050000000000 33.099000000000
 1973:04  30.000000000000 20.100000000000 33.328500000000
 1973:05  30.400000000000 21.400000000000 33.532500000000
 1973:06  31.000000000000 20.800000000000 33.762000000000
 1973:07  31.200000000000 20.000000000000 33.838500000000
 1973:08  31.600000000000 19.200000000000 34.450500000000
 1973:09  32.200000000000 20.000000000000 34.552500000000
 1973:10  33.200000000000 20.200000000000 34.833000000000
 1973:11  33.500000000000 20.500000000000 35.088000000000
 1973:12  33.800000000000 20.400000000000 35.317500000000
 1974:01  35.300000000000 20.600000000000 35.623500000000
 1974:02  36.300000000000 20.200000000000 36.082500000000
 1974:03  37.600000000000 19.650000000000 36.490500000000
 1974:04  38.500000000000 19.950000000000 36.694500000000
 1974:05  39.200000000000 20.000000000000 37.102500000000
 1974:06  39.400000000000 20.250000000000 37.459500000000
 1974:07  39.200000000000 20.350000000000 37.740000000000
 1974:08  39.600000000000 19.900000000000 38.224500000000
 1974:09  39.900000000000 20.050000000000 38.683500000000
 1974:10  40.200000000000 20.050000000000 39.015000000000
 1974:11  40.500000000000 19.200000000000 39.346500000000
 1974:12  39.900000000000 20.800000000000 39.627000000000
 1975:01  40.000000000000 19.300000000000 39.805500000000
 1975:02  40.300000000000 19.550000000000 40.086000000000
 1975:03  40.100000000000 19.100000000000 40.239000000000
 1975:04  40.700000000000 20.550000000000 40.443000000000
 1975:05  41.100000000000 22.650000000000 40.621500000000
 1975:06  40.600000000000 21.250000000000 40.953000000000
 1975:07  40.600000000000 20.500000000000 41.386500000000
 1975:08  41.100000000000 20.400000000000 41.514000000000
 1975:09  41.300000000000 20.000000000000 41.718000000000
 1975:10  41.400000000000 19.950000000000 41.973000000000
 1975:11  41.700000000000 20.600000000000 42.228000000000
 1975:12  41.700000000000 20.400000000000 42.406500000000
 1976:01  41.700000000000 20.250000000000 42.508500000000
 1976:02  42.000000000000 20.100000000000 42.610500000000
 1976:03  42.700000000000 21.600000000000 42.712500000000
 1976:04  42.200000000000 22.300000000000 42.891000000000
 1976:05  42.400000000000 20.800000000000 43.146000000000
 1976:06  42.200000000000 22.000000000000 43.375500000000
 1976:07  42.000000000000 20.750000000000 43.630500000000
 1976:08  42.300000000000 21.150000000000 43.834500000000
 1976:09  43.000000000000 20.150000000000 44.013000000000
 1976:10  43.400000000000 21.000000000000 44.191500000000
 1976:11  43.800000000000 20.200000000000 44.319000000000
 1976:12  43.100000000000 20.150000000000 44.446500000000
 1977:01  43.600000000000 20.300000000000 44.701500000000
 1977:02  44.000000000000 20.200000000000 45.160500000000
 1977:03  44.200000000000 19.900000000000 45.441000000000
 1977:04  44.800000000000 20.400000000000 45.798000000000
 1977:05  45.600000000000 21.500000000000 46.053000000000
 1977:06  46.000000000000 21.100000000000 46.359000000000
 1977:07  46.200000000000 20.250000000000 46.563000000000
 1977:08  46.800000000000 20.150000000000 46.741500000000
 1977:09  47.100000000000 20.700000000000 46.920000000000
 1977:10  47.400000000000 20.850000000000 47.047500000000
 1977:11  47.200000000000 19.750000000000 47.277000000000
 1977:12  46.900000000000 19.800000000000 47.455500000000
 1978:01  47.400000000000 19.850000000000 47.736000000000
 1978:02  47.600000000000 19.900000000000 48.042000000000
 1978:03  48.100000000000 19.650000000000 48.399000000000
 1978:04  48.600000000000 20.550000000000 48.832500000000
 1978:05  49.200000000000 20.900000000000 49.291500000000
 1978:06  49.700000000000 20.900000000000 49.801500000000
 1978:07  49.900000000000 20.550000000000 50.158500000000
 1978:08  50.100000000000 19.900000000000 50.439000000000
 1978:09  50.200000000000 20.000000000000 50.821500000000
 1978:10  50.800000000000 19.450000000000 51.229500000000
 1978:11  50.900000000000 20.100000000000 51.510000000000
 1978:12  50.600000000000 20.150000000000 51.739500000000
 1979:01  50.700000000000 20.250000000000 52.198500000000
 1979:02  51.100000000000 20.100000000000 52.810500000000
 1979:03  51.500000000000 20.750000000000 53.320500000000
 1979:04  52.100000000000 21.700000000000 53.932500000000
 1979:05  52.800000000000 21.150000000000 54.595500000000
 1979:06  53.200000000000 20.550000000000 55.233000000000
 1979:07  54.700000000000 20.250000000000 55.819500000000
 1979:08  55.500000000000 20.500000000000 56.380500000000
 1979:09  56.700000000000 20.850000000000 56.967000000000
 1979:10  57.700000000000 20.550000000000 57.477000000000
 1979:11  57.900000000000 20.350000000000 58.012500000000
 1979:12  58.200000000000 19.650000000000 58.624500000000
 1980:01  59.700000000000 19.800000000000 59.466000000000
 1980:02  61.400000000000 20.350000000000 60.282000000000
 1980:03  62.400000000000 20.100000000000 61.149000000000
 1980:04  63.400000000000 19.850000000000 61.837500000000
 1980:05  65.700000000000 19.650000000000 62.449500000000
 1980:06  65.900000000000 19.750000000000 63.138000000000
 1980:07  65.500000000000 20.450000000000 63.189000000000
 1980:08  66.400000000000 20.000000000000 63.597000000000
 1980:09  66.500000000000 20.750000000000 64.183500000000
 1980:10  67.400000000000 20.300000000000 64.744500000000
 1980:11  68.300000000000 19.650000000000 65.331000000000
 1980:12  67.700000000000 19.600000000000 65.892000000000
 1981:01  69.100000000000 20.600000000000 66.427500000000
 1981:02  69.900000000000 20.750000000000 67.116000000000
 1981:03  71.900000000000 20.000000000000 67.600500000000
 1981:04  72.700000000000 21.000000000000 68.034000000000
 1981:05  73.200000000000 21.600000000000 68.595000000000
 1981:06  73.600000000000 21.400000000000 69.181500000000
 1981:07  73.500000000000 23.000000000000 69.972000000000
 1981:08  73.800000000000 22.300000000000 70.507500000000
 1981:09  74.600000000000 23.100000000000 71.221500000000
 1981:10  75.200000000000 22.700000000000 71.374500000000
 1981:11  75.600000000000 22.300000000000 71.578500000000
 1981:12  76.000000000000 22.850000000000 71.782500000000
 1982:01  75.800000000000 23.000000000000 72.037500000000
 1982:02  76.200000000000 22.900000000000 72.267000000000
 1982:03  76.600000000000 23.000000000000 72.190500000000
 1982:04  76.400000000000 23.250000000000 72.496500000000
 1982:05  77.100000000000 22.950000000000 73.210500000000
 1982:06  77.300000000000 23.600000000000 74.103000000000
 1982:07  77.000000000000 23.100000000000 74.511000000000
 1982:08  76.800000000000 22.700000000000 74.664000000000
 1982:09  77.700000000000 22.800000000000 74.791500000000
 1982:10  78.000000000000 23.300000000000 74.995500000000
 1982:11  78.600000000000 22.300000000000 74.868000000000
 1982:12  78.000000000000 21.900000000000 74.562000000000
 1983:01  77.500000000000 22.600000000000 74.740500000000
 1983:02  78.100000000000 22.400000000000 74.766000000000
 1983:03  78.300000000000 22.700000000000 74.817000000000
 1983:04  79.000000000000 23.350000000000 75.352500000000
 1983:05  80.000000000000 23.700000000000 75.760500000000
 1983:06  80.200000000000 22.500000000000 76.015500000000
 1983:07  80.300000000000 22.500000000000 76.321500000000
 1983:08  80.900000000000 22.800000000000 76.576500000000
 1983:09  81.400000000000 25.000000000000 76.959000000000
 1983:10  81.500000000000 23.000000000000 77.163000000000
 1983:11  81.800000000000 23.850000000000 77.290500000000
 1983:12  81.000000000000 23.500000000000 77.392500000000
 1984:01  80.500000000000 22.950000000000 77.826000000000
 1984:02  80.400000000000 22.700000000000 78.183000000000
 1984:03  80.300000000000 22.500000000000 78.361500000000
 1984:04  80.900000000000 22.950000000000 78.744000000000
 1984:05  81.200000000000 23.000000000000 78.973500000000
 1984:06  80.700000000000 22.500000000000 79.228500000000
 1984:07  80.600000000000 22.400000000000 79.483500000000
 1984:08  80.700000000000 22.750000000000 79.815000000000
 1984:09  80.800000000000 22.900000000000 80.197500000000
 1984:10  81.000000000000 23.100000000000 80.401500000000
 1984:11  80.500000000000 26.000000000000 80.401500000000
 1984:12  80.700000000000 25.750000000000 80.452500000000
 1985:01  80.900000000000 26.000000000000 80.605500000000
 1985:02  81.700000000000 27.500000000000 80.937000000000
 1985:03  82.000000000000 24.400000000000 81.294000000000
 1985:04  82.100000000000 28.250000000000 81.625500000000
 1985:05  82.700000000000 26.450000000000 81.931500000000
 1985:06  82.800000000000 26.050000000000 82.186500000000
 1985:07  82.700000000000 23.700000000000 82.314000000000
 1985:08  83.000000000000 24.500000000000 82.492500000000
 1985:09  83.400000000000 21.900000000000 82.747500000000
 1985:10  83.800000000000 22.250000000000 83.002500000000
 1985:11  83.500000000000 23.850000000000 83.283000000000
 1985:12  83.400000000000 25.950000000000 83.487000000000
 1986:01  83.200000000000 26.200000000000 83.742000000000
 1986:02  83.200000000000 24.750000000000 83.512500000000
 1986:03  83.700000000000 25.500000000000 83.130000000000
 1986:04  83.800000000000 24.700000000000 82.951500000000
 1986:05  84.200000000000 25.750000000000 83.206500000000
 1986:06  84.100000000000 25.000000000000 83.614500000000
 1986:07  84.100000000000 24.850000000000 83.640000000000
 1986:08  84.400000000000 24.600000000000 83.793000000000
 1986:09  84.700000000000 25.250000000000 84.201000000000
 1986:10  85.000000000000 26.300000000000 84.277500000000
 1986:11  84.900000000000 26.000000000000 84.354000000000
 1986:12  84.800000000000 25.500000000000 84.430500000000
 1987:01  84.900000000000 27.500000000000 84.940500000000
 1987:02  84.800000000000 27.000000000000 85.272000000000
 1987:03  84.900000000000 27.250000000000 85.654500000000
 1987:04  85.300000000000 26.500000000000 86.113500000000
 1987:05  85.700000000000 25.500000000000 86.368500000000
 1987:06  86.200000000000 26.000000000000 86.725500000000
 1987:07  86.300000000000 25.750000000000 86.904000000000
 1987:08  86.800000000000 26.100000000000 87.388500000000
 1987:09  87.300000000000 26.350000000000 87.822000000000
 1987:10  87.100000000000 26.200000000000 88.051500000000
 1987:11  87.900000000000 26.000000000000 88.179000000000
 1987:12  87.900000000000 25.900000000000 88.153500000000
 1988:01  87.600000000000 25.800000000000 88.408500000000
 1988:02  88.400000000000 25.750000000000 88.587000000000
 1988:03  88.800000000000 25.900000000000 88.995000000000
 1988:04  89.100000000000 25.850000000000 89.454000000000
 1988:05  89.200000000000 25.500000000000 89.760000000000
 1988:06  89.400000000000 25.750000000000 90.142500000000
 1988:07  89.400000000000 25.800000000000 90.499500000000
 1988:08  89.900000000000 25.900000000000 90.933000000000
 1988:09  90.700000000000 25.500000000000 91.519500000000
 1988:10  91.100000000000 24.000000000000 91.825500000000
 1988:11  90.800000000000 24.300000000000 91.927500000000
 1988:12  90.700000000000 25.500000000000 92.029500000000
 1989:01  91.200000000000 25.300000000000 92.488500000000
 1989:02  92.300000000000 24.950000000000 92.845500000000
 1989:03  92.300000000000 26.500000000000 93.381000000000
 1989:04  92.600000000000 26.750000000000 94.044000000000
 1989:05  93.300000000000 26.300000000000 94.554000000000
 1989:06  93.700000000000 27.000000000000 94.783500000000
